Vertex : 1 -> 351, 231, 412, 36, 222, 559, 
Vertex : 2 -> 75, 580, 539, 358, 286, 185, 223, 247, 311, 374, 502, 572, 573, 578, 628, 
Vertex : 3 -> 444, 387, 626, 160, 328, 43, 215, 250, 327, 364, 436, 476, 486, 495, 497, 555, 566, 647, 650, 652, 
Vertex : 4 -> 617, 67, 190, 623, 184, 38, 91, 305, 603, 440, 686, 313, 475, 206, 145, 182, 333, 340, 350, 383, 464, 527, 560, 590, 618, 642, 681, 
Vertex : 5 -> 516, 396, 607, 505, 204, 191, 251, 115, 85, 7, 63, 86, 104, 263, 285, 352, 370, 414, 424, 461, 493, 
Vertex : 6 -> 396, 263, 289, 344, 330, 506, 684, 403, 48, 119, 355, 377, 460, 471, 561, 
Vertex : 7 -> 492, 443, 226, 230, 427, 689, 155, 83, 310, 182, 50, 157, 88, 5, 71, 280, 322, 450, 457, 461, 472, 541, 
Vertex : 8 -> 255, 472, 665, 189, 661, 359, 602, 400, 153, 382, 356, 136, 26, 87, 317, 361, 362, 395, 579, 592, 597, 
Vertex : 9 -> 459, 25, 387, 135, 406, 264, 122, 559, 346, 431, 192, 546, 38, 430, 549, 60, 218, 221, 269, 427, 469, 536, 682, 
Vertex : 10 -> 102, 318, 272, 442, 429, 70, 140, 145, 150, 240, 244, 304, 518, 
Vertex : 11 -> 128, 81, 327, 634, 367, 408, 579, 276, 584, 264, 27, 279, 397, 413, 417, 437, 532, 544, 548, 623, 629, 
Vertex : 12 -> 527, 681, 297, 323, 562, 487, 167, 598, 126, 265, 310, 467, 517, 
Vertex : 13 -> 292, 675, 419, 608, 245, 114, 180, 201, 307, 308, 342, 400, 508, 524, 526, 533, 671, 
Vertex : 14 -> 325, 103, 613, 556, 428, 698, 221, 287, 575, 647, 169, 144, 317, 382, 399, 513, 514, 537, 561, 672, 
Vertex : 15 -> 455, 114, 485, 50, 435, 346, 688, 52, 242, 353, 369, 684, 20, 292, 433, 457, 667, 
Vertex : 16 -> 42, 570, 243, 528, 193, 344, 591, 47, 223, 587, 418, 508, 460, 515, 184, 242, 255, 280, 307, 342, 593, 603, 647, 662, 
Vertex : 17 -> 319, 428, 160, 254, 628, 46, 598, 614, 248, 291, 266, 615, 49, 101, 247, 255, 271, 369, 457, 476, 493, 636, 646, 
Vertex : 18 -> 699, 314, 610, 392, 140, 253, 187, 29, 450, 408, 63, 128, 162, 193, 279, 359, 368, 415, 440, 473, 542, 
Vertex : 19 -> 214, 525, 283, 339, 23, 600, 217, 182, 153, 143, 378, 201, 208, 624, 490, 97, 159, 162, 332, 403, 510, 591, 
Vertex : 20 -> 62, 664, 687, 374, 573, 530, 276, 15, 143, 67, 75, 195, 204, 236, 324, 407, 471, 535, 
Vertex : 21 -> 208, 493, 85, 32, 75, 422, 205, 125, 637, 537, 428, 230, 114, 155, 161, 342, 348, 365, 372, 390, 492, 519, 585, 
Vertex : 22 -> 436, 288, 416, 358, 276, 628, 321, 413, 113, 116, 283, 290, 361, 362, 406, 419, 495, 524, 559, 660, 691, 
Vertex : 23 -> 19, 241, 414, 618, 254, 556, 93, 125, 62, 37, 360, 244, 262, 80, 600, 385, 286, 495, 
Vertex : 24 -> 112, 396, 647, 190, 130, 385, 604, 487, 111, 683, 258, 126, 243, 367, 416, 525, 538, 550, 571, 
Vertex : 25 -> 9, 600, 214, 298, 668, 466, 152, 212, 42, 364, 247, 400, 59, 507, 63, 65, 92, 97, 98, 211, 325, 326, 446, 452, 614, 643, 
Vertex : 26 -> 342, 96, 390, 604, 490, 487, 92, 71, 170, 147, 8, 279, 95, 173, 371, 405, 431, 437, 483, 485, 522, 574, 
Vertex : 27 -> 252, 11, 314, 464, 307, 280, 380, 609, 30, 157, 327, 336, 400, 529, 683, 696, 
Vertex : 28 -> 424, 187, 271, 481, 144, 352, 427, 511, 563, 648, 675, 
Vertex : 29 -> 18, 446, 428, 387, 366, 630, 456, 534, 227, 462, 264, 229, 239, 246, 626, 656, 
Vertex : 30 -> 666, 362, 488, 428, 120, 218, 258, 27, 238, 359, 403, 
Vertex : 31 -> 449, 344, 398, 380, 487, 48, 266, 422, 644, 145, 259, 329, 509, 50, 64, 198, 233, 273, 303, 310, 370, 423, 527, 582, 596, 668, 
Vertex : 32 -> 21, 493, 564, 695, 207, 215, 169, 43, 123, 184, 226, 252, 288, 365, 398, 501, 653, 
Vertex : 33 -> 107, 49, 146, 324, 306, 183, 194, 312, 381, 391, 399, 471, 514, 
Vertex : 34 -> 433, 71, 275, 129, 449, 212, 327, 82, 101, 125, 148, 196, 215, 300, 408, 413, 
Vertex : 35 -> 269, 309, 342, 49, 116, 45, 72, 94, 125, 282, 329, 369, 382, 561, 587, 624, 632, 
Vertex : 36 -> 1, 59, 542, 276, 265, 207, 595, 434, 102, 106, 107, 223, 242, 299, 433, 459, 571, 573, 593, 636, 646, 684, 
Vertex : 37 -> 23, 482, 681, 627, 86, 303, 558, 517, 524, 131, 96, 40, 105, 146, 185, 239, 386, 420, 600, 
Vertex : 38 -> 4, 9, 421, 587, 576, 140, 194, 368, 187, 460, 498, 468, 518, 338, 81, 66, 73, 122, 143, 208, 357, 495, 
Vertex : 39 -> 665, 379, 238, 445, 510, 315, 681, 111, 171, 42, 170, 225, 259, 352, 408, 456, 461, 513, 610, 
Vertex : 40 -> 453, 42, 507, 245, 613, 392, 271, 204, 37, 638, 541, 46, 214, 279, 280, 346, 414, 435, 450, 472, 479, 621, 624, 632, 
Vertex : 41 -> 307, 463, 222, 651, 694, 118, 129, 170, 244, 274, 350, 446, 627, 628, 675, 680, 
Vertex : 42 -> 16, 25, 40, 110, 44, 425, 553, 39, 685, 49, 52, 104, 232, 335, 392, 415, 590, 662, 
Vertex : 43 -> 631, 198, 111, 124, 3, 506, 187, 545, 76, 389, 32, 113, 310, 321, 359, 482, 548, 572, 585, 633, 659, 689, 
Vertex : 44 -> 42, 678, 48, 686, 591, 268, 636, 584, 633, 46, 62, 63, 66, 150, 159, 208, 224, 239, 349, 392, 476, 529, 564, 631, 671, 695, 
Vertex : 45 -> 128, 546, 147, 131, 35, 130, 243, 212, 91, 137, 278, 330, 524, 542, 561, 
Vertex : 46 -> 17, 334, 44, 460, 519, 40, 686, 207, 70, 47, 168, 223, 251, 261, 369, 469, 508, 527, 667, 
Vertex : 47 -> 16, 46, 346, 570, 636, 64, 656, 670, 695, 77, 112, 273, 74, 257, 402, 56, 117, 140, 386, 536, 587, 
Vertex : 48 -> 31, 44, 644, 103, 685, 57, 532, 180, 667, 349, 218, 651, 6, 96, 134, 213, 405, 456, 464, 500, 552, 634, 
Vertex : 49 -> 33, 35, 42, 331, 593, 611, 417, 655, 17, 191, 211, 294, 319, 332, 337, 478, 508, 
Vertex : 50 -> 7, 15, 93, 99, 372, 165, 354, 72, 422, 342, 166, 524, 540, 302, 31, 370, 480, 130, 381, 431, 435, 439, 669, 694, 
Vertex : 51 -> 696, 97, 174, 432, 344, 367, 61, 387, 428, 235, 325, 397, 459, 484, 576, 656, 690, 
Vertex : 52 -> 15, 443, 463, 42, 534, 560, 412, 697, 365, 99, 107, 202, 203, 244, 260, 290, 297, 331, 379, 493, 561, 623, 
Vertex : 53 -> 157, 251, 392, 696, 551, 421, 364, 82, 112, 160, 306, 331, 401, 474, 633, 693, 
Vertex : 54 -> 532, 627, 662, 157, 358, 456, 522, 417, 141, 58, 82, 104, 112, 172, 249, 279, 404, 486, 593, 602, 637, 
Vertex : 55 -> 83, 141, 409, 123, 674, 268, 686, 121, 71, 689, 82, 92, 162, 164, 275, 315, 360, 393, 416, 426, 461, 649, 
Vertex : 56 -> 531, 232, 322, 402, 47, 253, 267, 577, 179, 379, 57, 83, 104, 141, 290, 341, 382, 404, 447, 520, 621, 668, 692, 
Vertex : 57 -> 48, 133, 156, 402, 424, 554, 196, 657, 694, 56, 79, 666, 322, 215, 237, 91, 99, 146, 269, 341, 376, 403, 447, 500, 644, 680, 683, 
Vertex : 58 -> 377, 243, 54, 206, 474, 526, 59, 519, 230, 262, 294, 507, 567, 622, 689, 
Vertex : 59 -> 25, 36, 58, 407, 154, 181, 240, 437, 335, 92, 85, 163, 165, 214, 388, 467, 676, 
Vertex : 60 -> 439, 267, 180, 493, 496, 296, 265, 9, 683, 118, 443, 358, 359, 648, 563, 202, 207, 304, 318, 335, 535, 579, 
Vertex : 61 -> 51, 620, 252, 152, 394, 249, 557, 62, 113, 202, 275, 382, 397, 435, 453, 458, 490, 498, 502, 523, 567, 574, 612, 628, 636, 
Vertex : 62 -> 20, 23, 247, 434, 61, 338, 44, 399, 75, 66, 73, 184, 322, 353, 509, 537, 571, 617, 649, 665, 
Vertex : 63 -> 18, 104, 475, 281, 263, 457, 397, 5, 113, 206, 651, 674, 640, 25, 44, 270, 306, 351, 358, 363, 434, 449, 464, 667, 672, 695, 
Vertex : 64 -> 47, 589, 437, 31, 585, 315, 429, 317, 527, 70, 101, 233, 245, 475, 510, 520, 547, 625, 
Vertex : 65 -> 224, 290, 119, 252, 306, 221, 25, 85, 112, 185, 326, 328, 392, 484, 495, 604, 622, 
Vertex : 66 -> 632, 584, 637, 44, 88, 38, 168, 178, 62, 211, 367, 236, 250, 254, 69, 369, 
Vertex : 67 -> 4, 20, 144, 601, 545, 207, 410, 72, 135, 457, 479, 498, 537, 649, 674, 
Vertex : 68 -> 527, 469, 403, 198, 645, 438, 131, 93, 144, 147, 193, 208, 332, 493, 663, 687, 
Vertex : 69 -> 66, 617, 407, 103, 236, 583, 163, 445, 110, 136, 139, 177, 186, 312, 331, 587, 631, 
Vertex : 70 -> 46, 145, 105, 264, 428, 123, 407, 327, 118, 64, 188, 335, 10, 241, 258, 286, 334, 442, 522, 534, 560, 584, 598, 610, 
Vertex : 71 -> 26, 34, 55, 411, 362, 198, 148, 491, 223, 466, 7, 291, 323, 260, 525, 357, 421, 420, 227, 343, 383, 413, 505, 680, 
Vertex : 72 -> 50, 563, 462, 683, 289, 35, 540, 67, 132, 137, 185, 270, 331, 381, 427, 441, 470, 501, 526, 537, 544, 592, 593, 641, 
Vertex : 73 -> 253, 485, 62, 568, 38, 624, 228, 386, 78, 114, 443, 480, 484, 598, 630, 659, 
Vertex : 74 -> 47, 607, 686, 327, 196, 460, 585, 171, 116, 208, 240, 310, 353, 422, 505, 558, 580, 693, 
Vertex : 75 -> 2, 21, 62, 589, 624, 175, 602, 385, 308, 342, 418, 146, 407, 20, 199, 110, 503, 259, 431, 617, 660, 
Vertex : 76 -> 43, 181, 355, 375, 401, 674, 432, 538, 299, 627, 296, 183, 455, 458, 594, 603, 
Vertex : 77 -> 47, 638, 136, 635, 263, 188, 470, 570, 528, 339, 166, 233, 137, 248, 410, 518, 520, 587, 639, 679, 
Vertex : 78 -> 493, 310, 73, 468, 299, 404, 273, 124, 104, 245, 554, 92, 695, 631, 538, 109, 472, 657, 662, 690, 694, 
Vertex : 79 -> 57, 549, 264, 464, 634, 677, 650, 403, 697, 122, 250, 272, 345, 406, 437, 494, 562, 614, 656, 687, 
Vertex : 80 -> 23, 162, 160, 395, 675, 652, 155, 198, 570, 452, 601, 81, 250, 321, 377, 409, 646, 658, 
Vertex : 81 -> 11, 38, 155, 536, 578, 245, 529, 508, 233, 136, 80, 569, 598, 164, 545, 546, 565, 96, 186, 236, 267, 353, 391, 403, 421, 424, 454, 522, 585, 656, 
Vertex : 82 -> 55, 152, 632, 600, 126, 34, 53, 474, 54, 503, 525, 345, 527, 130, 242, 336, 452, 455, 612, 642, 648, 
Vertex : 83 -> 7, 55, 525, 159, 514, 56, 464, 648, 286, 332, 544, 449, 175, 540, 299, 315, 367, 378, 381, 
Vertex : 84 -> 312, 518, 316, 394, 416, 592, 578, 468, 364, 630, 421, 340, 273, 158, 183, 250, 258, 261, 264, 275, 300, 323, 341, 397, 444, 446, 474, 498, 585, 
Vertex : 85 -> 5, 21, 450, 253, 292, 59, 65, 346, 522, 163, 90, 98, 192, 272, 316, 373, 398, 438, 523, 529, 568, 661, 699, 
Vertex : 86 -> 37, 5, 378, 477, 695, 140, 640, 457, 656, 406, 301, 371, 296, 177, 115, 152, 358, 413, 453, 500, 508, 512, 530, 549, 674, 
Vertex : 87 -> 105, 8, 449, 376, 405, 367, 277, 108, 657, 334, 171, 454, 306, 332, 126, 130, 149, 185, 229, 330, 371, 473, 529, 535, 670, 
Vertex : 88 -> 7, 66, 487, 211, 383, 633, 501, 474, 388, 456, 295, 309, 311, 334, 421, 469, 606, 647, 
Vertex : 89 -> 277, 625, 315, 564, 186, 95, 104, 161, 180, 183, 319, 370, 463, 539, 546, 561, 593, 644, 670, 
Vertex : 90 -> 85, 93, 426, 450, 368, 532, 558, 153, 119, 150, 249, 257, 284, 427, 494, 539, 546, 597, 602, 663, 699, 
Vertex : 91 -> 4, 457, 636, 143, 364, 574, 352, 45, 505, 303, 517, 343, 57, 146, 481, 484, 133, 142, 154, 267, 322, 524, 553, 577, 
Vertex : 92 -> 26, 59, 78, 498, 405, 512, 671, 488, 55, 395, 388, 422, 377, 244, 25, 681, 117, 149, 155, 272, 287, 309, 350, 581, 624, 639, 662, 
Vertex : 93 -> 23, 50, 90, 68, 693, 142, 640, 495, 186, 595, 176, 257, 284, 290, 330, 389, 403, 508, 587, 598, 686, 
Vertex : 94 -> 388, 304, 449, 320, 239, 668, 413, 35, 371, 375, 169, 255, 295, 336, 355, 424, 458, 496, 511, 518, 580, 657, 
Vertex : 95 -> 428, 549, 696, 300, 377, 238, 475, 508, 89, 254, 574, 232, 394, 664, 26, 296, 323, 348, 350, 356, 398, 483, 527, 559, 587, 633, 640, 679, 
Vertex : 96 -> 26, 37, 121, 334, 244, 575, 81, 562, 112, 48, 295, 302, 424, 546, 631, 677, 683, 
Vertex : 97 -> 51, 417, 250, 452, 25, 128, 300, 19, 112, 129, 136, 142, 187, 262, 282, 326, 419, 546, 570, 587, 664, 
Vertex : 98 -> 255, 352, 85, 494, 604, 658, 25, 449, 119, 173, 225, 357, 464, 480, 498, 516, 619, 663, 
Vertex : 99 -> 50, 477, 628, 320, 109, 322, 193, 189, 334, 456, 387, 57, 52, 157, 182, 283, 294, 296, 651, 677, 
Vertex : 100 -> 502, 277, 583, 252, 294, 460, 529, 700, 263, 613, 492, 147, 227, 423, 494, 640, 689, 
Vertex : 101 -> 667, 64, 639, 166, 692, 17, 636, 251, 337, 280, 590, 669, 34, 275, 292, 356, 368, 398, 507, 563, 578, 598, 690, 
Vertex : 102 -> 10, 376, 631, 36, 651, 665, 109, 121, 194, 298, 345, 351, 451, 514, 664, 
Vertex : 103 -> 14, 48, 69, 423, 114, 394, 684, 177, 336, 300, 196, 454, 362, 286, 124, 148, 171, 309, 374, 384, 418, 635, 
Vertex : 104 -> 63, 78, 301, 5, 54, 89, 435, 642, 56, 467, 216, 383, 42, 312, 271, 332, 425, 437, 482, 490, 579, 
Vertex : 105 -> 70, 87, 275, 472, 537, 149, 37, 381, 283, 212, 168, 581, 407, 620, 394, 202, 391, 456, 458, 
Vertex : 106 -> 196, 442, 143, 248, 529, 576, 189, 36, 493, 555, 153, 318, 347, 489, 561, 578, 606, 629, 
Vertex : 107 -> 33, 595, 179, 130, 36, 605, 52, 572, 120, 157, 293, 380, 417, 581, 637, 646, 
Vertex : 108 -> 87, 403, 485, 450, 569, 517, 307, 116, 167, 182, 216, 260, 306, 359, 396, 546, 579, 612, 614, 
Vertex : 109 -> 99, 448, 78, 555, 188, 371, 102, 168, 213, 268, 490, 580, 620, 
Vertex : 110 -> 42, 75, 202, 189, 294, 69, 284, 164, 223, 238, 247, 268, 344, 358, 408, 556, 633, 674, 
Vertex : 111 -> 24, 39, 43, 412, 373, 301, 462, 395, 177, 549, 631, 
Vertex : 112 -> 24, 47, 96, 97, 439, 448, 116, 406, 53, 54, 65, 499, 282, 618, 137, 128, 132, 241, 242, 247, 260, 343, 362, 551, 604, 
Vertex : 113 -> 63, 303, 347, 61, 655, 687, 505, 22, 421, 142, 571, 131, 666, 170, 43, 359, 136, 237, 270, 283, 367, 381, 467, 500, 509, 525, 565, 697, 
Vertex : 114 -> 15, 103, 606, 13, 639, 21, 569, 142, 73, 132, 378, 434, 556, 574, 614, 652, 669, 
Vertex : 115 -> 5, 505, 548, 227, 454, 169, 680, 252, 228, 86, 389, 183, 275, 282, 423, 606, 630, 631, 653, 
Vertex : 116 -> 35, 112, 108, 324, 127, 389, 288, 448, 582, 646, 22, 74, 550, 185, 163, 260, 463, 519, 537, 628, 652, 
Vertex : 117 -> 304, 92, 682, 393, 47, 680, 120, 202, 296, 308, 320, 364, 528, 587, 598, 605, 
Vertex : 118 -> 60, 70, 147, 201, 202, 526, 285, 41, 556, 541, 299, 178, 667, 138, 617, 413, 119, 293, 308, 318, 504, 511, 546, 638, 640, 697, 
Vertex : 119 -> 65, 433, 90, 561, 616, 404, 581, 118, 6, 123, 98, 549, 169, 187, 247, 447, 455, 460, 476, 499, 
Vertex : 120 -> 30, 667, 374, 117, 319, 198, 552, 510, 204, 391, 107, 532, 508, 243, 447, 129, 182, 191, 238, 244, 283, 557, 566, 567, 612, 690, 
Vertex : 121 -> 55, 96, 458, 102, 500, 318, 168, 202, 197, 284, 358, 532, 205, 485, 607, 273, 218, 234, 241, 299, 366, 389, 539, 630, 
Vertex : 122 -> 9, 540, 371, 79, 390, 179, 281, 232, 436, 263, 38, 677, 161, 408, 171, 395, 429, 519, 532, 582, 668, 
Vertex : 123 -> 55, 70, 119, 508, 337, 385, 127, 689, 32, 561, 345, 501, 147, 230, 492, 
Vertex : 124 -> 43, 78, 436, 449, 424, 489, 178, 262, 158, 407, 103, 488, 138, 333, 222, 399, 369, 165, 169, 218, 234, 272, 437, 524, 624, 648, 
Vertex : 125 -> 21, 23, 227, 35, 626, 34, 522, 309, 311, 509, 340, 153, 184, 215, 244, 304, 396, 514, 585, 
Vertex : 126 -> 82, 139, 12, 302, 573, 459, 24, 512, 87, 437, 669, 179, 204, 255, 256, 397, 462, 474, 483, 552, 615, 
Vertex : 127 -> 116, 123, 607, 628, 321, 279, 478, 140, 627, 319, 406, 441, 451, 471, 534, 545, 585, 
Vertex : 128 -> 11, 45, 97, 112, 410, 398, 632, 18, 159, 439, 156, 194, 304, 336, 402, 548, 583, 674, 
Vertex : 129 -> 34, 41, 97, 490, 342, 120, 247, 516, 631, 310, 325, 348, 352, 382, 
Vertex : 130 -> 24, 45, 82, 107, 50, 427, 87, 655, 354, 558, 232, 697, 310, 134, 257, 281, 323, 356, 391, 541, 575, 652, 689, 
Vertex : 131 -> 37, 45, 68, 113, 420, 475, 209, 351, 491, 366, 148, 269, 279, 410, 478, 490, 631, 
Vertex : 132 -> 143, 280, 696, 631, 72, 114, 329, 586, 195, 112, 136, 243, 537, 373, 188, 296, 421, 644, 668, 695, 
Vertex : 133 -> 57, 230, 579, 621, 225, 187, 686, 584, 459, 91, 406, 148, 224, 393, 416, 574, 650, 693, 698, 
Vertex : 134 -> 645, 147, 48, 375, 141, 130, 445, 405, 457, 163, 198, 369, 386, 434, 527, 536, 
Vertex : 135 -> 9, 567, 67, 292, 554, 591, 639, 194, 326, 353, 359, 406, 423, 441, 563, 615, 699, 
Vertex : 136 -> 8, 77, 81, 132, 113, 494, 305, 97, 528, 360, 554, 69, 217, 404, 674, 312, 549, 229, 385, 447, 514, 587, 604, 671, 
Vertex : 137 -> 112, 140, 300, 580, 696, 207, 511, 45, 72, 577, 335, 77, 466, 424, 158, 194, 269, 307, 351, 369, 374, 460, 607, 653, 
Vertex : 138 -> 118, 124, 390, 532, 679, 145, 628, 505, 504, 632, 183, 313, 380, 401, 511, 521, 537, 548, 586, 671, 
Vertex : 139 -> 126, 335, 148, 329, 334, 318, 464, 625, 69, 494, 619, 140, 154, 168, 509, 583, 635, 
Vertex : 140 -> 18, 38, 86, 127, 137, 662, 497, 330, 447, 572, 246, 322, 139, 431, 10, 669, 408, 154, 47, 363, 303, 339, 374, 477, 493, 528, 604, 
Vertex : 141 -> 54, 55, 134, 385, 277, 463, 531, 56, 247, 300, 228, 229, 253, 450, 606, 647, 663, 675, 
Vertex : 142 -> 93, 113, 114, 367, 462, 239, 91, 215, 351, 586, 544, 97, 456, 240, 417, 149, 154, 263, 275, 299, 327, 377, 394, 405, 543, 573, 585, 646, 651, 
Vertex : 143 -> 19, 20, 91, 106, 132, 577, 165, 376, 181, 362, 38, 265, 266, 296, 361, 380, 407, 476, 
Vertex : 144 -> 28, 67, 573, 14, 403, 68, 649, 584, 269, 518, 257, 294, 339, 375, 495, 600, 
Vertex : 145 -> 31, 70, 138, 607, 10, 156, 492, 4, 403, 398, 242, 270, 594, 179, 197, 285, 294, 330, 518, 525, 
Vertex : 146 -> 33, 75, 91, 57, 37, 477, 569, 225, 215, 358, 248, 157, 252, 297, 305, 445, 453, 488, 508, 518, 527, 561, 574, 589, 600, 
Vertex : 147 -> 26, 45, 118, 134, 649, 294, 158, 100, 328, 426, 68, 123, 185, 272, 320, 326, 333, 442, 464, 563, 564, 575, 629, 673, 
Vertex : 148 -> 71, 139, 131, 537, 616, 133, 239, 312, 373, 507, 204, 34, 103, 255, 262, 273, 281, 331, 408, 411, 454, 597, 686, 
Vertex : 149 -> 105, 579, 279, 596, 92, 87, 142, 469, 296, 242, 175, 239, 301, 315, 316, 347, 432, 632, 651, 
Vertex : 150 -> 492, 388, 481, 559, 509, 10, 531, 90, 697, 445, 221, 234, 207, 44, 164, 226, 280, 322, 349, 518, 668, 
Vertex : 151 -> 228, 293, 423, 599, 322, 700, 292, 372, 594, 604, 627, 
Vertex : 152 -> 25, 61, 82, 237, 86, 332, 532, 478, 391, 587, 268, 244, 349, 366, 407, 455, 460, 464, 540, 654, 667, 
Vertex : 153 -> 8, 19, 90, 125, 188, 526, 106, 276, 158, 227, 344, 373, 410, 421, 583, 604, 610, 
Vertex : 154 -> 59, 140, 647, 206, 359, 142, 396, 219, 520, 139, 640, 418, 460, 91, 361, 322, 255, 429, 481, 685, 
Vertex : 155 -> 7, 80, 81, 652, 308, 373, 494, 193, 92, 21, 557, 215, 235, 277, 419, 458, 481, 516, 539, 568, 631, 
Vertex : 156 -> 57, 145, 472, 634, 201, 471, 580, 405, 128, 172, 251, 497, 690, 270, 363, 478, 575, 668, 688, 
Vertex : 157 -> 7, 53, 54, 558, 146, 525, 218, 619, 301, 265, 569, 608, 637, 361, 99, 27, 533, 107, 166, 492, 567, 
Vertex : 158 -> 124, 147, 486, 162, 275, 137, 84, 153, 692, 362, 475, 393, 310, 164, 202, 242, 258, 265, 502, 522, 536, 545, 573, 605, 686, 
Vertex : 159 -> 83, 128, 44, 320, 376, 19, 688, 293, 408, 442, 464, 528, 535, 568, 571, 578, 592, 632, 
Vertex : 160 -> 3, 17, 80, 161, 376, 339, 672, 626, 364, 655, 183, 206, 296, 667, 519, 570, 255, 53, 331, 383, 405, 413, 588, 640, 671, 
Vertex : 161 -> 122, 160, 413, 647, 89, 21, 409, 167, 215, 179, 693, 384, 166, 285, 176, 282, 394, 396, 407, 464, 620, 
Vertex : 162 -> 80, 158, 596, 679, 205, 18, 55, 19, 672, 236, 223, 266, 180, 192, 193, 195, 352, 363, 416, 434, 468, 537, 566, 676, 
Vertex : 163 -> 69, 85, 116, 134, 59, 243, 306, 454, 346, 437, 445, 476, 503, 698, 
Vertex : 164 -> 81, 541, 278, 110, 158, 644, 439, 150, 478, 55, 200, 242, 282, 339, 378, 522, 619, 653, 
Vertex : 165 -> 50, 143, 621, 327, 59, 124, 495, 264, 261, 289, 312, 386, 
Vertex : 166 -> 50, 77, 101, 161, 499, 515, 182, 303, 157, 466, 360, 399, 222, 352, 375, 455, 457, 496, 551, 684, 
Vertex : 167 -> 12, 161, 623, 652, 384, 183, 108, 326, 621, 272, 434, 467, 671, 
Vertex : 168 -> 66, 105, 109, 121, 674, 139, 182, 46, 616, 391, 183, 245, 273, 302, 368, 373, 410, 501, 656, 
Vertex : 169 -> 14, 32, 115, 119, 654, 460, 325, 451, 425, 657, 204, 422, 562, 581, 94, 124, 535, 185, 324, 393, 479, 504, 525, 587, 
Vertex : 170 -> 26, 113, 370, 349, 333, 694, 420, 39, 247, 545, 329, 428, 41, 176, 278, 300, 305, 355, 397, 412, 470, 681, 
Vertex : 171 -> 39, 74, 87, 359, 103, 221, 269, 427, 122, 692, 382, 324, 365, 409, 446, 457, 532, 577, 588, 679, 685, 
Vertex : 172 -> 156, 184, 54, 499, 459, 588, 665, 683, 408, 464, 466, 400, 344, 541, 633, 659, 691, 699, 
Vertex : 173 -> 98, 178, 283, 676, 369, 524, 243, 26, 197, 224, 349, 357, 566, 573, 642, 
Vertex : 174 -> 51, 294, 503, 583, 436, 335, 358, 609, 588, 540, 662, 385, 449, 700, 500, 431, 190, 255, 370, 405, 528, 558, 686, 
Vertex : 175 -> 75, 83, 195, 256, 595, 149, 352, 223, 430, 326, 590, 405, 568, 278, 282, 298, 401, 505, 610, 678, 
Vertex : 176 -> 481, 359, 282, 514, 93, 615, 170, 653, 161, 661, 226, 320, 378, 527, 528, 535, 627, 650, 655, 
Vertex : 177 -> 86, 103, 111, 286, 337, 515, 699, 531, 69, 221, 380, 441, 453, 624, 648, 668, 691, 
Vertex : 178 -> 66, 118, 124, 173, 572, 418, 559, 196, 306, 262, 214, 194, 233, 289, 413, 531, 565, 629, 
Vertex : 179 -> 56, 107, 122, 161, 145, 180, 473, 658, 272, 538, 126, 423, 490, 437, 382, 276, 233, 299, 458, 496, 504, 509, 560, 581, 589, 
Vertex : 180 -> 48, 60, 179, 13, 679, 456, 162, 660, 675, 204, 89, 545, 620, 210, 234, 393, 423, 520, 588, 597, 610, 
Vertex : 181 -> 59, 76, 143, 377, 206, 556, 198, 397, 700, 193, 214, 285, 332, 433, 602, 648, 656, 
Vertex : 182 -> 7, 19, 166, 168, 108, 99, 4, 384, 520, 644, 120, 352, 219, 462, 293, 382, 591, 199, 542, 307, 337, 388, 446, 455, 493, 534, 569, 572, 
Vertex : 183 -> 76, 160, 167, 196, 89, 168, 115, 33, 510, 490, 389, 364, 138, 84, 514, 665, 237, 262, 290, 362, 534, 648, 
Vertex : 184 -> 4, 172, 62, 404, 455, 32, 347, 573, 382, 16, 485, 125, 548, 526, 474, 388, 238, 372, 392, 394, 411, 490, 495, 572, 580, 643, 
Vertex : 185 -> 116, 582, 65, 415, 147, 248, 223, 87, 635, 37, 224, 169, 2, 187, 569, 72, 189, 207, 220, 247, 273, 388, 549, 698, 
Vertex : 186 -> 89, 93, 525, 430, 69, 548, 263, 235, 483, 538, 81, 223, 257, 277, 362, 469, 517, 611, 
Vertex : 187 -> 18, 28, 38, 43, 133, 185, 619, 284, 406, 651, 500, 119, 97, 190, 265, 274, 290, 369, 549, 553, 659, 682, 
Vertex : 188 -> 70, 77, 109, 153, 334, 132, 527, 556, 451, 194, 319, 598, 265, 337, 404, 425, 488, 496, 511, 576, 577, 
Vertex : 189 -> 8, 99, 106, 110, 573, 624, 260, 420, 185, 278, 384, 536, 627, 
Vertex : 190 -> 4, 24, 174, 659, 483, 641, 394, 187, 590, 192, 456, 215, 266, 315, 662, 
Vertex : 191 -> 5, 246, 470, 518, 223, 476, 268, 49, 120, 217, 346, 389, 478, 534, 551, 634, 
Vertex : 192 -> 9, 190, 162, 228, 668, 85, 486, 538, 420, 429, 592, 451, 299, 525, 315, 455, 528, 561, 
Vertex : 193 -> 16, 99, 155, 162, 582, 181, 68, 18, 568, 312, 205, 247, 274, 319, 583, 637, 697, 
Vertex : 194 -> 38, 135, 188, 534, 564, 102, 33, 683, 137, 128, 295, 363, 246, 530, 299, 235, 401, 178, 196, 249, 253, 350, 399, 635, 691, 
Vertex : 195 -> 132, 175, 627, 20, 267, 619, 162, 579, 500, 341, 646, 204, 210, 307, 336, 345, 374, 585, 609, 639, 680, 697, 
Vertex : 196 -> 57, 74, 103, 106, 178, 183, 256, 604, 194, 240, 618, 446, 271, 599, 34, 281, 285, 427, 450, 464, 477, 527, 542, 556, 572, 625, 634, 
Vertex : 197 -> 121, 547, 246, 173, 145, 631, 572, 321, 504, 239, 351, 373, 432, 481, 493, 498, 592, 669, 
Vertex : 198 -> 43, 68, 71, 80, 120, 181, 522, 31, 316, 134, 608, 266, 213, 368, 445, 464, 566, 640, 680, 
Vertex : 199 -> 75, 182, 232, 283, 259, 286, 475, 497, 203, 372, 424, 464, 499, 566, 594, 606, 
Vertex : 200 -> 404, 218, 443, 249, 614, 615, 392, 543, 637, 164, 293, 324, 338, 347, 403, 448, 464, 473, 560, 584, 
Vertex : 201 -> 19, 118, 156, 13, 318, 430, 327, 450, 337, 592, 374, 339, 274, 656, 212, 217, 385, 465, 486, 528, 
Vertex : 202 -> 110, 118, 121, 581, 544, 60, 403, 61, 158, 105, 429, 52, 353, 342, 117, 286, 313, 359, 393, 480, 573, 635, 
Vertex : 203 -> 199, 52, 509, 679, 452, 520, 264, 334, 358, 518, 626, 
Vertex : 204 -> 5, 40, 120, 148, 169, 180, 298, 195, 667, 340, 20, 305, 612, 126, 351, 388, 533, 545, 688, 
Vertex : 205 -> 21, 121, 162, 193, 679, 559, 404, 288, 662, 284, 338, 265, 285, 410, 425, 548, 661, 695, 
Vertex : 206 -> 4, 58, 63, 154, 160, 181, 605, 659, 409, 655, 618, 386, 557, 437, 232, 347, 350, 371, 461, 480, 641, 
Vertex : 207 -> 32, 36, 46, 67, 137, 150, 185, 477, 305, 523, 495, 60, 585, 319, 433, 617, 
Vertex : 208 -> 19, 21, 505, 74, 601, 482, 631, 456, 68, 44, 38, 556, 507, 274, 277, 315, 393, 517, 527, 606, 
Vertex : 209 -> 131, 616, 519, 565, 533, 356, 420, 637, 236, 363, 406, 440, 444, 445, 465, 505, 520, 526, 572, 575, 603, 627, 694, 
Vertex : 210 -> 412, 362, 576, 357, 420, 611, 274, 280, 414, 499, 180, 195, 580, 634, 413, 239, 329, 588, 590, 
Vertex : 211 -> 66, 88, 268, 580, 232, 25, 494, 49, 242, 246, 315, 330, 331, 343, 358, 380, 404, 513, 514, 529, 537, 636, 650, 686, 
Vertex : 212 -> 25, 34, 45, 105, 555, 459, 347, 491, 515, 400, 201, 327, 219, 344, 350, 366, 495, 554, 600, 644, 668, 
Vertex : 213 -> 198, 336, 281, 476, 48, 230, 654, 393, 109, 232, 240, 396, 527, 574, 
Vertex : 214 -> 19, 25, 178, 181, 310, 371, 59, 540, 394, 552, 40, 257, 366, 548, 678, 
Vertex : 215 -> 32, 57, 142, 146, 155, 161, 593, 190, 125, 382, 3, 523, 34, 329, 248, 385, 416, 554, 612, 625, 
Vertex : 216 -> 104, 582, 320, 299, 628, 549, 404, 472, 108, 592, 228, 269, 310, 321, 347, 486, 597, 
Vertex : 217 -> 19, 136, 201, 244, 345, 191, 636, 531, 556, 628, 632, 
Vertex : 218 -> 30, 48, 157, 200, 367, 124, 121, 555, 247, 653, 9, 221, 685, 488, 227, 235, 256, 276, 
Vertex : 219 -> 154, 182, 463, 499, 495, 212, 577, 494, 273, 292, 319, 453, 516, 623, 697, 
Vertex : 220 -> 600, 657, 185, 308, 614, 680, 234, 405, 439, 522, 561, 607, 
Vertex : 221 -> 14, 65, 150, 171, 218, 325, 177, 366, 600, 448, 372, 297, 399, 531, 516, 535, 317, 433, 9, 234, 295, 352, 356, 397, 528, 572, 
Vertex : 222 -> 1, 41, 124, 166, 654, 288, 258, 446, 353, 603, 496, 308, 454, 492, 687, 
Vertex : 223 -> 16, 71, 162, 175, 185, 191, 614, 186, 110, 561, 586, 36, 2, 484, 482, 372, 231, 332, 353, 46, 480, 539, 
Vertex : 224 -> 65, 185, 629, 324, 44, 310, 277, 482, 566, 173, 133, 232, 251, 430, 462, 483, 530, 578, 610, 
Vertex : 225 -> 133, 146, 591, 39, 98, 655, 376, 358, 515, 253, 255, 282, 300, 488, 517, 522, 583, 602, 668, 
Vertex : 226 -> 7, 559, 176, 634, 381, 406, 264, 32, 602, 579, 150, 681, 353, 344, 281, 297, 387, 423, 430, 446, 483, 516, 565, 612, 650, 677, 
Vertex : 227 -> 29, 115, 125, 153, 100, 256, 71, 218, 347, 370, 461, 624, 635, 
Vertex : 228 -> 73, 115, 151, 192, 466, 251, 634, 274, 216, 492, 667, 501, 141, 300, 333, 697, 562, 363, 281, 329, 383, 452, 
Vertex : 229 -> 664, 29, 242, 306, 468, 321, 429, 620, 419, 136, 141, 87, 432, 238, 279, 283, 312, 392, 449, 578, 599, 604, 630, 665, 
Vertex : 230 -> 7, 21, 58, 133, 213, 484, 123, 348, 426, 240, 296, 342, 417, 479, 544, 556, 568, 581, 680, 
Vertex : 231 -> 1, 223, 380, 312, 556, 527, 324, 250, 317, 412, 529, 695, 
Vertex : 232 -> 56, 95, 122, 130, 199, 211, 213, 332, 206, 605, 636, 672, 224, 516, 42, 290, 301, 480, 682, 
Vertex : 233 -> 77, 81, 333, 178, 532, 31, 179, 663, 665, 453, 461, 389, 691, 473, 64, 521, 266, 292, 353, 552, 620, 
Vertex : 234 -> 150, 499, 557, 439, 676, 220, 221, 180, 124, 307, 302, 498, 121, 343, 382, 386, 393, 446, 463, 470, 491, 589, 649, 673, 
Vertex : 235 -> 186, 194, 674, 218, 51, 155, 548, 247, 270, 683, 
Vertex : 236 -> 66, 69, 162, 299, 624, 657, 440, 548, 20, 412, 81, 241, 209, 293, 425, 561, 
Vertex : 237 -> 57, 152, 183, 307, 349, 361, 581, 654, 113, 378, 256, 303, 340, 372, 384, 479, 594, 
Vertex : 238 -> 39, 95, 418, 445, 579, 634, 647, 184, 480, 110, 605, 229, 560, 120, 30, 530, 275, 337, 343, 389, 391, 430, 435, 551, 617, 667, 
Vertex : 239 -> 94, 142, 148, 37, 197, 397, 370, 654, 44, 29, 534, 149, 292, 210, 255, 256, 275, 276, 280, 469, 589, 
Vertex : 240 -> 59, 142, 196, 230, 626, 268, 74, 10, 213, 408, 641, 473, 311, 320, 656, 322, 438, 684, 280, 375, 460, 462, 469, 642, 652, 
Vertex : 241 -> 23, 236, 244, 70, 453, 591, 617, 121, 544, 112, 300, 279, 294, 363, 395, 410, 
Vertex : 242 -> 15, 145, 149, 229, 591, 36, 82, 634, 112, 500, 158, 272, 164, 16, 211, 635, 326, 530, 589, 287, 297, 344, 518, 522, 572, 
Vertex : 243 -> 16, 45, 58, 120, 132, 163, 173, 24, 446, 683, 266, 666, 434, 308, 582, 554, 305, 628, 640, 652, 
Vertex : 244 -> 23, 92, 96, 217, 241, 152, 524, 401, 41, 10, 481, 125, 120, 431, 433, 542, 593, 448, 52, 527, 423, 694, 
Vertex : 245 -> 13, 40, 78, 81, 566, 168, 448, 588, 64, 286, 329, 436, 456, 498, 591, 
Vertex : 246 -> 140, 191, 194, 197, 29, 314, 611, 609, 318, 211, 339, 348, 492, 583, 605, 643, 666, 677, 
Vertex : 247 -> 25, 62, 129, 141, 170, 218, 185, 450, 112, 193, 381, 235, 463, 110, 119, 303, 2, 17, 505, 679, 262, 310, 336, 433, 482, 577, 623, 
Vertex : 248 -> 17, 106, 146, 185, 215, 543, 557, 434, 582, 619, 313, 337, 646, 77, 586, 635, 687, 
Vertex : 249 -> 61, 200, 393, 607, 54, 464, 90, 654, 574, 433, 333, 259, 194, 594, 376, 647, 391, 279, 283, 300, 306, 337, 340, 399, 493, 522, 614, 659, 674, 
Vertex : 250 -> 66, 97, 80, 588, 564, 635, 320, 596, 553, 84, 231, 649, 311, 79, 653, 3, 684, 299, 367, 458, 514, 546, 628, 
Vertex : 251 -> 5, 53, 101, 156, 228, 224, 262, 337, 655, 593, 46, 299, 637, 421, 258, 351, 355, 428, 435, 474, 479, 490, 598, 635, 
Vertex : 252 -> 27, 61, 65, 100, 115, 262, 146, 550, 341, 32, 264, 346, 349, 388, 494, 540, 598, 698, 
Vertex : 253 -> 18, 56, 73, 85, 503, 611, 277, 585, 141, 225, 194, 297, 309, 353, 403, 450, 464, 518, 686, 
Vertex : 254 -> 17, 23, 66, 95, 347, 353, 635, 262, 575, 390, 467, 539, 579, 638, 
Vertex : 255 -> 8, 98, 160, 529, 239, 94, 126, 174, 665, 521, 154, 225, 16, 148, 17, 289, 649, 312, 363, 429, 445, 473, 604, 607, 616, 671, 
Vertex : 256 -> 175, 196, 227, 684, 218, 239, 328, 586, 565, 126, 237, 499, 290, 302, 352, 366, 393, 458, 467, 491, 511, 541, 604, 690, 
Vertex : 257 -> 47, 144, 586, 90, 381, 130, 214, 554, 93, 186, 301, 408, 419, 656, 
Vertex : 258 -> 24, 30, 222, 301, 158, 483, 447, 326, 70, 546, 251, 84, 680, 619, 322, 335, 401, 467, 
Vertex : 259 -> 31, 75, 199, 249, 337, 583, 39, 286, 419, 262, 292, 474, 505, 554, 560, 577, 
Vertex : 260 -> 71, 189, 455, 388, 108, 583, 52, 112, 674, 116, 441, 688, 425, 374, 433, 303, 588, 655, 
Vertex : 261 -> 430, 450, 676, 408, 519, 448, 165, 320, 84, 46, 265, 345, 368, 386, 472, 474, 506, 554, 560, 652, 662, 
Vertex : 262 -> 23, 124, 178, 251, 252, 254, 616, 259, 247, 369, 97, 506, 148, 375, 686, 183, 266, 672, 58, 638, 556, 314, 376, 475, 510, 515, 524, 
Vertex : 263 -> 6, 63, 77, 100, 122, 186, 284, 5, 505, 142, 522, 309, 313, 332, 404, 418, 542, 625, 630, 635, 
Vertex : 264 -> 9, 11, 29, 70, 79, 165, 226, 292, 485, 502, 252, 304, 416, 509, 84, 605, 505, 333, 203, 281, 319, 346, 447, 501, 573, 585, 615, 
Vertex : 265 -> 36, 60, 157, 187, 205, 423, 158, 261, 359, 12, 516, 188, 446, 671, 143, 275, 330, 364, 426, 487, 
Vertex : 266 -> 17, 31, 162, 198, 243, 262, 392, 190, 233, 328, 143, 357, 385, 634, 671, 
Vertex : 267 -> 56, 60, 195, 557, 291, 81, 91, 346, 585, 574, 547, 607, 441, 474, 534, 554, 625, 
Vertex : 268 -> 44, 55, 152, 191, 211, 240, 110, 452, 340, 521, 109, 350, 335, 447, 277, 313, 369, 619, 
Vertex : 269 -> 35, 144, 171, 588, 131, 397, 431, 319, 628, 57, 612, 562, 137, 620, 303, 216, 9, 647, 342, 481, 506, 604, 605, 665, 695, 
Vertex : 270 -> 145, 492, 156, 63, 674, 416, 513, 313, 235, 72, 113, 568, 304, 413, 484, 548, 
Vertex : 271 -> 28, 40, 196, 322, 556, 487, 17, 437, 104, 338, 359, 463, 485, 514, 515, 597, 669, 
Vertex : 272 -> 10, 179, 242, 167, 656, 79, 85, 409, 446, 92, 354, 147, 124, 377, 380, 508, 513, 546, 650, 657, 
Vertex : 273 -> 47, 78, 84, 121, 185, 420, 168, 148, 31, 402, 219, 290, 386, 496, 526, 650, 693, 
Vertex : 274 -> 201, 210, 228, 187, 651, 41, 193, 436, 208, 629, 690, 302, 571, 296, 398, 410, 425, 466, 579, 696, 
Vertex : 275 -> 34, 101, 105, 158, 649, 238, 115, 545, 481, 619, 142, 55, 365, 594, 239, 84, 61, 385, 265, 313, 337, 458, 474, 544, 597, 661, 685, 
Vertex : 276 -> 11, 20, 22, 36, 153, 179, 558, 239, 507, 218, 431, 393, 577, 510, 382, 329, 379, 287, 299, 389, 423, 440, 522, 585, 587, 643, 
Vertex : 277 -> 87, 89, 100, 141, 224, 253, 478, 301, 321, 155, 371, 462, 208, 186, 354, 597, 268, 413, 281, 684, 324, 322, 323, 339, 352, 513, 653, 
Vertex : 278 -> 164, 502, 175, 498, 170, 604, 189, 45, 412, 297, 299, 332, 363, 410, 564, 680, 695, 
Vertex : 279 -> 26, 127, 149, 241, 555, 11, 18, 229, 462, 337, 382, 131, 249, 40, 316, 54, 636, 296, 339, 359, 420, 460, 472, 
Vertex : 280 -> 27, 101, 132, 210, 367, 16, 240, 150, 7, 40, 323, 655, 360, 377, 294, 556, 239, 314, 379, 347, 446, 447, 499, 506, 587, 648, 
Vertex : 281 -> 63, 122, 213, 277, 388, 495, 546, 148, 130, 226, 430, 530, 264, 196, 582, 350, 228, 543, 609, 645, 675, 
Vertex : 282 -> 112, 176, 395, 35, 164, 552, 225, 485, 505, 584, 161, 97, 438, 398, 561, 115, 175, 310, 367, 383, 537, 555, 622, 
Vertex : 283 -> 19, 105, 173, 199, 120, 22, 99, 249, 398, 527, 229, 113, 339, 463, 
Vertex : 284 -> 110, 121, 187, 205, 263, 461, 400, 604, 475, 93, 90, 637, 643, 313, 572, 598, 301, 422, 456, 457, 547, 614, 
Vertex : 285 -> 118, 161, 145, 631, 580, 5, 196, 205, 181, 448, 473, 502, 544, 568, 
Vertex : 286 -> 2, 83, 103, 177, 199, 259, 202, 245, 23, 598, 70, 366, 375, 539, 614, 653, 
Vertex : 287 -> 14, 242, 509, 621, 92, 563, 394, 335, 651, 481, 276, 376, 379, 384, 435, 528, 
Vertex : 288 -> 22, 116, 205, 222, 324, 456, 533, 467, 538, 563, 470, 32, 544, 574, 
Vertex : 289 -> 6, 72, 255, 178, 692, 302, 421, 165, 350, 641, 413, 510, 333, 372, 429, 389, 502, 514, 566, 572, 657, 699, 
Vertex : 290 -> 65, 273, 56, 183, 52, 482, 444, 401, 256, 351, 232, 22, 187, 93, 642, 293, 298, 313, 322, 455, 515, 548, 
Vertex : 291 -> 17, 71, 267, 590, 545, 452, 342, 416, 616, 691, 356, 479, 651, 309, 497, 565, 
Vertex : 292 -> 13, 85, 135, 239, 264, 530, 382, 101, 219, 15, 151, 700, 458, 550, 406, 259, 233, 426, 444, 476, 380, 394, 460, 680, 
Vertex : 293 -> 151, 159, 182, 236, 407, 107, 687, 200, 521, 601, 341, 327, 378, 290, 617, 678, 118, 628, 416, 478, 631, 651, 674, 
Vertex : 294 -> 100, 110, 147, 174, 280, 145, 524, 518, 295, 432, 366, 700, 689, 49, 576, 583, 241, 144, 58, 99, 486, 492, 569, 664, 
Vertex : 295 -> 194, 294, 449, 221, 94, 88, 698, 471, 528, 613, 599, 96, 539, 408, 352, 423, 452, 592, 638, 
Vertex : 296 -> 60, 76, 86, 149, 160, 230, 279, 428, 660, 95, 426, 99, 143, 301, 132, 117, 692, 274, 380, 399, 443, 449, 473, 657, 
Vertex : 297 -> 12, 221, 674, 367, 688, 345, 459, 226, 341, 380, 52, 253, 278, 146, 242, 684, 439, 496, 591, 599, 629, 
Vertex : 298 -> 25, 204, 364, 336, 102, 474, 582, 678, 571, 175, 429, 290, 420, 425, 326, 340, 423, 545, 650, 
Vertex : 299 -> 76, 78, 118, 192, 194, 216, 236, 251, 397, 278, 250, 36, 474, 532, 566, 677, 83, 142, 121, 475, 276, 179, 428, 579, 685, 
Vertex : 300 -> 95, 97, 103, 137, 141, 228, 241, 665, 249, 562, 697, 225, 583, 170, 653, 34, 610, 523, 458, 522, 84, 342, 412, 452, 489, 501, 503, 524, 635, 
Vertex : 301 -> 86, 104, 111, 157, 258, 277, 296, 332, 496, 284, 257, 478, 149, 232, 476, 537, 
Vertex : 302 -> 50, 126, 234, 274, 289, 351, 484, 168, 680, 631, 256, 96, 349, 559, 
Vertex : 303 -> 37, 91, 113, 166, 247, 269, 554, 698, 260, 657, 31, 320, 478, 639, 140, 560, 394, 237, 343, 340, 671, 400, 415, 442, 514, 588, 687, 
Vertex : 304 -> 94, 117, 264, 270, 128, 125, 10, 629, 608, 328, 60, 689, 353, 391, 415, 513, 684, 
Vertex : 305 -> 4, 136, 204, 207, 318, 697, 243, 170, 146, 653, 314, 327, 329, 498, 511, 521, 655, 
Vertex : 306 -> 33, 65, 87, 163, 178, 229, 424, 53, 416, 562, 63, 108, 249, 404, 307, 348, 
Vertex : 307 -> 27, 41, 108, 234, 237, 452, 13, 639, 578, 137, 647, 658, 195, 425, 16, 182, 306, 367, 417, 535, 574, 599, 682, 
Vertex : 308 -> 75, 155, 220, 222, 243, 453, 13, 118, 597, 117, 343, 400, 438, 518, 657, 
Vertex : 309 -> 35, 125, 539, 444, 88, 399, 658, 347, 647, 512, 92, 316, 263, 103, 253, 291, 397, 511, 554, 681, 
Vertex : 310 -> 7, 78, 130, 158, 214, 224, 247, 583, 74, 413, 216, 378, 31, 12, 282, 43, 129, 569, 687, 
Vertex : 311 -> 125, 240, 250, 520, 2, 695, 415, 88, 544, 371, 585, 641, 366, 409, 419, 589, 608, 619, 677, 
Vertex : 312 -> 84, 104, 136, 148, 193, 231, 255, 594, 229, 659, 336, 69, 460, 33, 651, 532, 445, 165, 361, 626, 316, 317, 430, 434, 477, 497, 516, 539, 541, 623, 641, 696, 
Vertex : 313 -> 4, 248, 270, 284, 667, 454, 268, 275, 425, 420, 138, 507, 263, 659, 390, 202, 290, 516, 608, 341, 366, 381, 512, 541, 561, 598, 
Vertex : 314 -> 18, 27, 246, 280, 565, 669, 262, 323, 700, 363, 305, 443, 678, 664, 411, 446, 485, 507, 625, 
Vertex : 315 -> 39, 64, 89, 55, 485, 208, 474, 211, 83, 192, 629, 371, 149, 190, 328, 538, 391, 410, 448, 466, 509, 529, 601, 
Vertex : 316 -> 84, 198, 279, 309, 449, 402, 149, 312, 369, 561, 85, 519, 421, 429, 439, 478, 518, 
Vertex : 317 -> 64, 221, 413, 351, 503, 231, 653, 8, 14, 312, 480, 375, 393, 671, 358, 408, 417, 436, 439, 592, 631, 
Vertex : 318 -> 10, 121, 139, 201, 246, 305, 118, 491, 541, 106, 332, 608, 60, 364, 420, 613, 655, 699, 
Vertex : 319 -> 17, 120, 188, 269, 207, 541, 127, 219, 624, 645, 440, 463, 356, 89, 264, 585, 193, 422, 49, 379, 554, 651, 670, 
Vertex : 320 -> 94, 99, 159, 216, 240, 250, 261, 303, 423, 346, 322, 176, 559, 590, 117, 399, 147, 600, 457, 421, 514, 643, 
Vertex : 321 -> 22, 127, 197, 229, 277, 216, 563, 669, 493, 80, 43, 588, 670, 656, 409, 415, 451, 509, 608, 
Vertex : 322 -> 56, 57, 99, 140, 151, 154, 240, 258, 271, 320, 370, 277, 400, 91, 477, 353, 290, 350, 150, 62, 524, 7, 650, 332, 354, 355, 507, 581, 632, 687, 691, 
Vertex : 323 -> 12, 71, 280, 314, 95, 537, 464, 451, 665, 130, 84, 621, 542, 277, 508, 333, 641, 689, 
Vertex : 324 -> 33, 116, 171, 224, 231, 277, 288, 200, 169, 600, 476, 20, 689, 528, 563, 574, 687, 
Vertex : 325 -> 14, 169, 221, 429, 51, 671, 489, 25, 129, 335, 337, 431, 627, 628, 633, 670, 698, 699, 
Vertex : 326 -> 167, 175, 242, 258, 135, 683, 650, 597, 584, 65, 25, 346, 147, 97, 338, 422, 603, 298, 692, 
Vertex : 327 -> 11, 34, 70, 74, 165, 201, 212, 293, 466, 3, 27, 484, 142, 580, 305, 332, 438, 514, 548, 564, 
Vertex : 328 -> 3, 147, 256, 266, 304, 315, 427, 661, 652, 554, 549, 65, 687, 474, 487, 
Vertex : 329 -> 31, 132, 139, 170, 215, 276, 35, 565, 228, 210, 362, 373, 305, 698, 245, 358, 331, 332, 460, 596, 694, 
Vertex : 330 -> 6, 140, 610, 211, 653, 87, 145, 93, 666, 600, 265, 45, 347, 382, 398, 417, 432, 479, 499, 596, 677, 
Vertex : 331 -> 49, 148, 329, 72, 211, 467, 53, 374, 500, 69, 52, 160, 581, 575, 616, 577, 456, 504, 532, 
Vertex : 332 -> 83, 87, 152, 223, 232, 301, 318, 322, 68, 683, 19, 570, 278, 263, 686, 329, 526, 181, 104, 49, 327, 432, 342, 372, 542, 616, 617, 624, 698, 
Vertex : 333 -> 124, 170, 228, 233, 249, 264, 289, 349, 323, 512, 147, 542, 562, 457, 421, 435, 371, 449, 4, 657, 664, 
Vertex : 334 -> 46, 87, 96, 99, 139, 188, 70, 576, 203, 88, 444, 394, 426, 496, 510, 565, 630, 648, 
Vertex : 335 -> 59, 70, 137, 139, 174, 268, 287, 580, 258, 325, 60, 513, 373, 537, 395, 643, 524, 42, 666, 674, 677, 679, 689, 
Vertex : 336 -> 103, 213, 298, 312, 339, 409, 195, 94, 128, 628, 464, 27, 82, 556, 247, 343, 376, 439, 655, 658, 
Vertex : 337 -> 101, 123, 177, 201, 248, 251, 259, 279, 448, 389, 325, 529, 188, 355, 238, 511, 413, 49, 182, 249, 442, 275, 390, 497, 619, 628, 
Vertex : 338 -> 38, 62, 205, 326, 690, 555, 271, 397, 200, 374, 457, 476, 524, 597, 633, 
Vertex : 339 -> 19, 77, 160, 201, 336, 279, 277, 359, 283, 246, 508, 164, 144, 347, 487, 671, 533, 140, 497, 535, 634, 
Vertex : 340 -> 84, 125, 204, 268, 303, 4, 558, 675, 403, 298, 249, 624, 382, 237, 360, 435, 458, 469, 486, 500, 564, 576, 621, 
Vertex : 341 -> 195, 252, 293, 297, 84, 676, 313, 57, 405, 588, 56, 356, 501, 506, 646, 693, 
Vertex : 342 -> 26, 35, 50, 75, 129, 202, 291, 300, 21, 332, 594, 366, 269, 16, 350, 559, 373, 691, 13, 230, 664, 478, 510, 686, 
Vertex : 343 -> 91, 234, 303, 211, 336, 359, 598, 112, 308, 680, 238, 71, 399, 405, 406, 409, 419, 479, 534, 
Vertex : 344 -> 6, 16, 31, 51, 226, 110, 242, 153, 430, 693, 172, 212, 585, 689, 631, 383, 471, 535, 546, 653, 
Vertex : 345 -> 82, 123, 217, 297, 488, 423, 478, 500, 651, 440, 364, 79, 102, 699, 436, 698, 261, 195, 371, 375, 388, 398, 400, 445, 475, 494, 516, 
Vertex : 346 -> 9, 15, 47, 85, 267, 320, 326, 264, 163, 40, 524, 403, 191, 252, 546, 514, 614, 430, 653, 
Vertex : 347 -> 113, 184, 212, 254, 309, 339, 440, 330, 200, 216, 280, 149, 106, 642, 227, 206, 478, 521, 
Vertex : 348 -> 230, 355, 350, 306, 634, 449, 21, 95, 487, 695, 648, 129, 246, 493, 354, 366, 400, 500, 661, 
Vertex : 349 -> 48, 170, 237, 333, 373, 44, 152, 150, 482, 632, 696, 362, 648, 252, 302, 173, 609, 544, 437, 672, 
Vertex : 350 -> 268, 281, 289, 322, 342, 348, 41, 194, 92, 212, 439, 577, 206, 537, 4, 602, 480, 95, 362, 410, 478, 494, 495, 552, 574, 613, 
Vertex : 351 -> 1, 131, 142, 204, 290, 302, 317, 137, 360, 452, 617, 442, 251, 63, 102, 197, 401, 512, 579, 642, 691, 695, 
Vertex : 352 -> 28, 91, 98, 175, 182, 521, 221, 397, 256, 633, 39, 295, 277, 129, 658, 166, 5, 162, 363, 411, 455, 492, 520, 535, 689, 
Vertex : 353 -> 15, 202, 222, 223, 226, 254, 322, 62, 632, 253, 422, 233, 388, 81, 135, 304, 521, 384, 517, 74, 390, 415, 435, 650, 
Vertex : 354 -> 50, 130, 272, 277, 627, 399, 348, 322, 653, 431, 355, 391, 418, 460, 505, 
Vertex : 355 -> 76, 337, 348, 6, 639, 354, 170, 94, 666, 322, 251, 471, 487, 697, 
Vertex : 356 -> 8, 209, 291, 319, 502, 599, 635, 341, 130, 221, 95, 101, 380, 539, 684, 
Vertex : 357 -> 71, 210, 173, 633, 38, 98, 482, 536, 570, 585, 266, 380, 499, 534, 542, 553, 565, 625, 
Vertex : 358 -> 2, 22, 54, 60, 121, 146, 174, 225, 329, 317, 86, 591, 561, 203, 211, 110, 379, 613, 63, 428, 698, 402, 556, 505, 588, 599, 
Vertex : 359 -> 8, 60, 113, 154, 171, 176, 265, 339, 343, 108, 271, 555, 279, 202, 43, 528, 135, 30, 396, 18, 376, 439, 502, 588, 647, 
Vertex : 360 -> 23, 136, 166, 280, 351, 450, 541, 687, 55, 400, 340, 416, 661, 393, 406, 412, 426, 439, 500, 
Vertex : 361 -> 154, 157, 237, 312, 22, 596, 628, 574, 602, 143, 519, 8, 564, 372, 591, 621, 
Vertex : 362 -> 30, 71, 103, 143, 158, 210, 329, 349, 414, 112, 350, 442, 658, 518, 186, 183, 419, 502, 22, 404, 8, 421, 428, 438, 452, 483, 493, 508, 528, 578, 616, 
Vertex : 363 -> 140, 194, 228, 314, 532, 209, 352, 552, 255, 278, 424, 156, 571, 241, 162, 434, 63, 598, 649, 389, 402, 443, 446, 506, 519, 635, 663, 
Vertex : 364 -> 25, 53, 84, 91, 160, 183, 298, 345, 449, 367, 117, 265, 3, 682, 504, 318, 536, 510, 431, 450, 635, 667, 
Vertex : 365 -> 52, 275, 382, 171, 388, 32, 21, 641, 460, 396, 456, 501, 512, 564, 575, 694, 
Vertex : 366 -> 29, 131, 221, 294, 342, 482, 286, 256, 214, 348, 152, 313, 121, 311, 212, 639, 578, 475, 450, 
Vertex : 367 -> 11, 51, 66, 87, 142, 218, 280, 297, 364, 608, 442, 642, 594, 250, 282, 621, 83, 451, 307, 113, 623, 398, 24, 516, 539, 625, 672, 
Vertex : 368 -> 38, 90, 101, 198, 168, 447, 500, 631, 18, 261, 453, 473, 565, 574, 
Vertex : 369 -> 15, 124, 173, 262, 316, 137, 66, 46, 461, 486, 554, 17, 187, 134, 636, 268, 35, 402, 403, 
Vertex : 370 -> 50, 170, 239, 322, 656, 89, 5, 623, 31, 507, 174, 227, 375, 377, 412, 420, 458, 664, 
Vertex : 371 -> 86, 94, 109, 122, 214, 277, 311, 315, 333, 26, 206, 87, 437, 345, 496, 537, 637, 663, 
Vertex : 372 -> 50, 199, 221, 223, 289, 361, 562, 237, 332, 684, 21, 184, 151, 546, 570, 574, 611, 629, 
Vertex : 373 -> 111, 132, 148, 155, 329, 335, 342, 349, 85, 624, 654, 628, 606, 608, 168, 609, 681, 197, 415, 153, 575, 690, 388, 403, 406, 497, 692, 
Vertex : 374 -> 20, 120, 201, 260, 331, 195, 460, 486, 690, 103, 509, 2, 338, 140, 137, 420, 482, 565, 566, 615, 654, 655, 
Vertex : 375 -> 76, 94, 134, 262, 317, 286, 166, 393, 370, 240, 345, 448, 144, 403, 614, 388, 527, 591, 636, 658, 662, 678, 
Vertex : 376 -> 87, 102, 143, 159, 160, 225, 249, 262, 617, 686, 287, 57, 359, 336, 395, 456, 483, 521, 616, 620, 
Vertex : 377 -> 58, 92, 95, 181, 280, 272, 391, 370, 80, 543, 6, 678, 665, 142, 379, 411, 579, 586, 
Vertex : 378 -> 19, 86, 237, 293, 310, 533, 83, 520, 176, 681, 114, 578, 594, 164, 411, 548, 589, 631, 
Vertex : 379 -> 39, 56, 276, 280, 358, 395, 591, 287, 52, 377, 687, 319, 647, 429, 455, 520, 569, 623, 
Vertex : 380 -> 27, 31, 231, 297, 357, 177, 522, 143, 545, 498, 107, 138, 211, 386, 669, 292, 356, 296, 272, 469, 459, 486, 
Vertex : 381 -> 105, 226, 247, 257, 83, 33, 72, 313, 578, 113, 50, 386, 393, 448, 528, 639, 694, 
Vertex : 382 -> 8, 171, 179, 182, 184, 215, 276, 279, 292, 340, 365, 35, 398, 585, 14, 536, 61, 534, 129, 56, 330, 234, 
Vertex : 383 -> 88, 104, 71, 160, 282, 577, 606, 4, 344, 228, 470, 397, 419, 482, 
Vertex : 384 -> 161, 167, 182, 353, 692, 189, 287, 103, 237, 518, 397, 457, 657, 
Vertex : 385 -> 23, 24, 75, 123, 141, 174, 275, 215, 625, 434, 201, 136, 266, 502, 516, 529, 581, 
Vertex : 386 -> 73, 206, 380, 47, 165, 381, 37, 234, 691, 469, 261, 595, 624, 604, 273, 544, 480, 134, 390, 694, 
Vertex : 387 -> 3, 9, 29, 51, 99, 571, 636, 506, 388, 676, 226, 425, 548, 633, 661, 674, 
Vertex : 388 -> 88, 92, 94, 150, 184, 260, 281, 353, 365, 387, 659, 252, 185, 375, 182, 373, 572, 345, 204, 59, 525, 555, 574, 599, 603, 
Vertex : 389 -> 43, 115, 116, 183, 233, 337, 679, 289, 238, 601, 191, 661, 443, 121, 93, 276, 390, 363, 446, 
Vertex : 390 -> 26, 122, 138, 313, 389, 337, 418, 552, 386, 527, 254, 21, 353, 434, 392, 427, 540, 556, 
Vertex : 391 -> 120, 152, 168, 249, 315, 377, 595, 433, 105, 238, 562, 392, 627, 461, 33, 586, 354, 304, 130, 81, 396, 475, 597, 
Vertex : 392 -> 18, 40, 53, 200, 266, 390, 391, 442, 184, 42, 229, 44, 65, 578, 433, 460, 517, 571, 619, 651, 661, 691, 697, 
Vertex : 393 -> 117, 158, 213, 249, 276, 317, 375, 381, 180, 626, 55, 256, 519, 638, 360, 208, 650, 202, 133, 409, 234, 169, 513, 
Vertex : 394 -> 61, 84, 95, 103, 105, 190, 214, 287, 303, 449, 292, 527, 142, 184, 161, 334, 438, 575, 618, 646, 
Vertex : 395 -> 80, 92, 111, 282, 335, 379, 376, 626, 241, 122, 8, 453, 523, 
Vertex : 396 -> 5, 6, 24, 154, 359, 633, 125, 555, 602, 213, 365, 108, 161, 566, 391, 640, 
Vertex : 397 -> 63, 181, 239, 269, 299, 338, 352, 11, 384, 84, 610, 126, 61, 51, 309, 221, 383, 170, 556, 652, 
Vertex : 398 -> 31, 128, 145, 282, 283, 367, 382, 95, 274, 330, 101, 345, 629, 32, 468, 635, 85, 489, 492, 532, 557, 595, 
Vertex : 399 -> 62, 124, 166, 221, 309, 320, 354, 343, 443, 466, 33, 462, 14, 194, 296, 249, 542, 621, 699, 
Vertex : 400 -> 8, 25, 172, 212, 284, 322, 360, 308, 303, 27, 679, 685, 348, 13, 345, 441, 489, 515, 573, 669, 
Vertex : 401 -> 76, 194, 244, 290, 692, 628, 53, 175, 547, 138, 258, 677, 586, 599, 418, 351, 573, 615, 
Vertex : 402 -> 47, 56, 57, 273, 316, 358, 363, 426, 624, 610, 527, 495, 369, 128, 520, 498, 516, 526, 566, 576, 628, 640, 660, 
Vertex : 403 -> 6, 68, 79, 108, 144, 145, 202, 340, 346, 375, 509, 606, 57, 93, 30, 200, 19, 81, 373, 564, 369, 691, 253, 429, 435, 474, 481, 629, 669, 
Vertex : 404 -> 78, 119, 136, 184, 200, 205, 216, 306, 362, 54, 211, 188, 568, 635, 263, 476, 612, 56, 484, 575, 622, 632, 638, 
Vertex : 405 -> 87, 92, 134, 156, 175, 341, 26, 604, 343, 599, 509, 550, 142, 689, 48, 160, 220, 571, 174, 587, 650, 430, 444, 502, 521, 575, 647, 683, 
Vertex : 406 -> 9, 86, 112, 133, 187, 226, 292, 79, 22, 343, 440, 360, 209, 373, 621, 135, 436, 127, 450, 628, 
Vertex : 407 -> 59, 69, 70, 75, 105, 124, 293, 152, 671, 527, 493, 20, 486, 161, 473, 540, 471, 143, 561, 424, 611, 
Vertex : 408 -> 11, 18, 122, 140, 172, 240, 261, 295, 510, 257, 317, 39, 429, 110, 477, 148, 159, 602, 34, 437, 468, 491, 532, 622, 679, 
Vertex : 409 -> 55, 161, 206, 272, 336, 393, 587, 450, 635, 530, 469, 419, 321, 80, 343, 311, 549, 484, 171, 453, 550, 615, 
Vertex : 410 -> 67, 128, 131, 350, 278, 168, 77, 538, 643, 315, 153, 241, 625, 205, 274, 512, 685, 531, 541, 547, 629, 669, 
Vertex : 411 -> 71, 378, 433, 314, 377, 352, 184, 148, 430, 677, 444, 473, 506, 522, 645, 
Vertex : 412 -> 1, 52, 111, 210, 236, 278, 611, 231, 370, 572, 360, 170, 300, 678, 568, 593, 
Vertex : 413 -> 22, 94, 118, 161, 210, 277, 289, 310, 317, 337, 71, 11, 439, 86, 643, 34, 596, 626, 414, 443, 509, 178, 270, 160, 428, 435, 437, 467, 560, 577, 
Vertex : 414 -> 23, 210, 362, 413, 40, 639, 476, 620, 549, 5, 440, 419, 416, 465, 521, 576, 593, 604, 606, 656, 
Vertex : 415 -> 185, 311, 373, 18, 491, 303, 304, 560, 464, 42, 321, 548, 683, 353, 594, 607, 419, 502, 516, 
Vertex : 416 -> 22, 84, 264, 270, 291, 306, 360, 414, 546, 55, 24, 508, 622, 215, 446, 548, 133, 293, 552, 571, 162, 631, 669, 699, 
Vertex : 417 -> 49, 54, 97, 142, 330, 307, 230, 633, 317, 693, 673, 636, 691, 654, 440, 584, 11, 107, 424, 439, 511, 596, 624, 
Vertex : 418 -> 16, 75, 154, 178, 238, 390, 401, 103, 575, 598, 610, 647, 263, 354, 477, 479, 496, 
Vertex : 419 -> 13, 229, 259, 362, 409, 414, 97, 343, 415, 257, 311, 494, 586, 616, 22, 517, 383, 488, 470, 155, 568, 602, 627, 679, 689, 
Vertex : 420 -> 71, 131, 170, 189, 192, 209, 210, 273, 298, 313, 37, 601, 465, 556, 474, 567, 581, 370, 475, 526, 631, 279, 318, 374, 421, 452, 517, 541, 681, 685, 
Vertex : 421 -> 38, 53, 71, 84, 113, 251, 289, 333, 362, 81, 420, 132, 665, 486, 153, 632, 320, 316, 570, 88, 621, 460, 446, 656, 463, 469, 502, 539, 542, 617, 
Vertex : 422 -> 21, 31, 50, 92, 169, 319, 326, 353, 663, 284, 74, 542, 652, 699, 500, 529, 571, 639, 
Vertex : 423 -> 103, 151, 179, 265, 320, 345, 276, 135, 659, 100, 244, 298, 180, 115, 428, 295, 599, 31, 226, 440, 500, 553, 
Vertex : 424 -> 28, 57, 124, 137, 306, 363, 94, 455, 417, 5, 199, 524, 514, 407, 637, 96, 631, 477, 81, 447, 488, 665, 673, 
Vertex : 425 -> 42, 169, 260, 298, 307, 313, 507, 579, 188, 606, 274, 636, 236, 387, 515, 529, 436, 544, 205, 104, 492, 509, 667, 
Vertex : 426 -> 90, 147, 230, 292, 296, 402, 360, 453, 55, 334, 265, 612, 429, 519, 544, 595, 628, 640, 650, 
Vertex : 427 -> 7, 130, 171, 328, 693, 196, 9, 72, 641, 390, 578, 518, 28, 634, 90, 663, 450, 491, 525, 529, 668, 
Vertex : 428 -> 14, 17, 21, 29, 30, 51, 70, 95, 170, 296, 358, 423, 476, 299, 362, 470, 503, 464, 413, 251, 511, 520, 560, 628, 648, 667, 
Vertex : 429 -> 10, 64, 192, 202, 229, 289, 298, 325, 408, 154, 524, 403, 569, 434, 122, 379, 426, 316, 538, 496, 255, 436, 481, 686, 
Vertex : 430 -> 9, 175, 186, 201, 261, 281, 344, 346, 411, 224, 405, 608, 312, 518, 226, 238, 443, 523, 658, 
Vertex : 431 -> 9, 140, 174, 244, 269, 276, 354, 50, 364, 325, 512, 75, 26, 456, 577, 631, 632, 
Vertex : 432 -> 51, 76, 229, 294, 332, 330, 652, 149, 197, 536, 438, 654, 
Vertex : 433 -> 34, 119, 221, 244, 249, 260, 391, 411, 36, 15, 207, 441, 392, 181, 663, 247, 539, 581, 588, 699, 
Vertex : 434 -> 36, 62, 243, 248, 363, 385, 390, 429, 63, 312, 114, 505, 134, 162, 167, 609, 672, 487, 557, 644, 
Vertex : 435 -> 15, 104, 333, 251, 687, 413, 353, 287, 61, 340, 554, 238, 50, 40, 403, 436, 521, 642, 
Vertex : 436 -> 22, 122, 124, 174, 274, 345, 406, 425, 245, 587, 441, 490, 673, 317, 3, 435, 429, 582, 
Vertex : 437 -> 59, 64, 126, 179, 206, 271, 349, 371, 408, 589, 124, 79, 11, 667, 163, 413, 104, 26, 612, 680, 
Vertex : 438 -> 68, 240, 282, 85, 554, 394, 473, 603, 432, 327, 308, 362, 570, 530, 545, 550, 568, 
Vertex : 439 -> 60, 112, 128, 164, 234, 350, 413, 359, 316, 417, 360, 50, 297, 317, 220, 336, 591, 498, 532, 538, 579, 596, 601, 609, 
Vertex : 440 -> 4, 236, 319, 345, 347, 406, 414, 417, 209, 658, 483, 423, 498, 18, 276, 579, 607, 689, 
Vertex : 441 -> 260, 400, 433, 436, 177, 72, 267, 483, 135, 127, 685, 459, 516, 559, 653, 
Vertex : 442 -> 10, 106, 337, 351, 362, 367, 392, 552, 303, 641, 147, 70, 159, 634, 455, 494, 
Vertex : 443 -> 7, 52, 60, 200, 314, 389, 399, 413, 430, 665, 363, 637, 73, 296, 517, 534, 570, 610, 614, 642, 661, 
Vertex : 444 -> 3, 290, 292, 309, 334, 465, 84, 209, 405, 411, 478, 503, 543, 560, 605, 676, 
Vertex : 445 -> 39, 69, 134, 150, 238, 312, 345, 163, 255, 470, 146, 198, 209, 696, 651, 476, 607, 618, 695, 
Vertex : 446 -> 29, 196, 222, 243, 265, 272, 416, 421, 171, 458, 226, 280, 363, 654, 25, 41, 314, 471, 549, 182, 234, 84, 389, 506, 542, 576, 598, 699, 
Vertex : 447 -> 120, 140, 258, 268, 368, 119, 57, 136, 280, 463, 56, 424, 659, 264, 514, 562, 624, 666, 679, 699, 
Vertex : 448 -> 109, 112, 116, 221, 244, 245, 261, 337, 375, 563, 315, 381, 471, 539, 659, 285, 643, 200, 486, 556, 684, 
Vertex : 449 -> 31, 34, 83, 87, 94, 98, 124, 174, 295, 316, 333, 348, 364, 394, 664, 229, 681, 296, 462, 63, 466, 640, 668, 
Vertex : 450 -> 18, 85, 90, 108, 201, 247, 261, 360, 409, 7, 253, 605, 141, 532, 366, 196, 406, 475, 610, 427, 685, 623, 40, 364, 499, 528, 556, 578, 583, 584, 689, 698, 
Vertex : 451 -> 169, 188, 192, 323, 367, 321, 127, 670, 671, 585, 102, 654, 
Vertex : 452 -> 80, 97, 203, 268, 291, 307, 351, 82, 228, 25, 295, 362, 420, 300, 613, 475, 592, 453, 460, 543, 676, 
Vertex : 453 -> 40, 233, 241, 308, 426, 86, 452, 612, 146, 177, 595, 219, 368, 409, 61, 395, 489, 542, 628, 639, 678, 
Vertex : 454 -> 87, 103, 115, 163, 313, 516, 697, 222, 616, 81, 485, 148, 521, 645, 
Vertex : 455 -> 15, 184, 260, 424, 442, 119, 379, 192, 182, 152, 82, 76, 290, 166, 678, 352, 462, 459, 565, 601, 
Vertex : 456 -> 29, 54, 88, 99, 142, 180, 190, 208, 288, 679, 671, 105, 39, 365, 284, 376, 331, 431, 48, 245, 510, 532, 474, 494, 645, 689, 
Vertex : 457 -> 63, 86, 91, 134, 320, 333, 338, 284, 384, 15, 474, 17, 166, 7, 606, 171, 67, 476, 480, 535, 640, 
Vertex : 458 -> 121, 292, 300, 446, 370, 256, 61, 340, 512, 250, 155, 94, 76, 484, 675, 275, 179, 105, 519, 559, 576, 611, 641, 
Vertex : 459 -> 9, 126, 133, 172, 212, 297, 441, 455, 36, 607, 380, 51, 535, 571, 599, 608, 685, 
Vertex : 460 -> 16, 38, 46, 74, 100, 154, 169, 312, 365, 374, 421, 292, 279, 6, 509, 137, 240, 329, 392, 452, 119, 354, 152, 560, 578, 671, 
Vertex : 461 -> 233, 284, 369, 391, 227, 206, 571, 500, 536, 505, 55, 7, 5, 646, 613, 39, 565, 
Vertex : 462 -> 29, 72, 111, 142, 182, 277, 279, 399, 449, 455, 240, 224, 126, 530, 653, 469, 490, 606, 
Vertex : 463 -> 41, 52, 141, 219, 247, 319, 447, 89, 521, 116, 631, 271, 234, 283, 421, 518, 684, 690, 
Vertex : 464 -> 27, 79, 83, 139, 172, 249, 323, 336, 415, 428, 98, 161, 200, 48, 147, 4, 253, 152, 159, 198, 63, 196, 199, 504, 530, 578, 626, 
Vertex : 465 -> 420, 444, 628, 414, 525, 209, 201, 656, 
Vertex : 466 -> 25, 71, 137, 166, 172, 228, 327, 399, 315, 541, 449, 547, 274, 537, 540, 583, 658, 683, 688, 
Vertex : 467 -> 104, 288, 331, 603, 569, 113, 254, 615, 258, 256, 167, 560, 413, 515, 622, 59, 12, 485, 521, 542, 
Vertex : 468 -> 38, 78, 84, 229, 398, 584, 503, 507, 408, 162, 543, 556, 577, 656, 
Vertex : 469 -> 68, 149, 380, 386, 409, 340, 471, 462, 239, 186, 9, 421, 88, 576, 684, 642, 240, 46, 487, 522, 613, 665, 
Vertex : 470 -> 77, 191, 288, 383, 419, 428, 445, 609, 72, 170, 666, 234, 593, 
Vertex : 471 -> 156, 295, 407, 446, 448, 469, 546, 564, 127, 6, 20, 595, 344, 641, 355, 33, 492, 495, 534, 577, 
Vertex : 472 -> 8, 105, 156, 216, 40, 279, 78, 615, 261, 568, 7, 651, 536, 553, 571, 607, 635, 656, 
Vertex : 473 -> 179, 233, 240, 407, 438, 200, 671, 486, 368, 87, 18, 411, 296, 285, 255, 544, 653, 679, 699, 
Vertex : 474 -> 58, 82, 88, 184, 298, 299, 315, 420, 457, 259, 328, 456, 53, 267, 261, 84, 126, 251, 275, 403, 514, 523, 556, 610, 658, 
Vertex : 475 -> 4, 63, 95, 131, 158, 199, 284, 299, 366, 420, 450, 452, 663, 497, 345, 64, 559, 607, 262, 680, 391, 503, 649, 
Vertex : 476 -> 191, 213, 292, 324, 404, 414, 428, 559, 338, 511, 143, 44, 119, 3, 301, 445, 457, 505, 163, 17, 528, 635, 648, 
Vertex : 477 -> 86, 99, 146, 207, 322, 408, 424, 418, 312, 140, 196, 650, 504, 548, 633, 639, 663, 686, 
Vertex : 478 -> 127, 152, 164, 277, 301, 303, 345, 293, 316, 350, 576, 131, 191, 655, 347, 49, 444, 156, 342, 582, 592, 684, 697, 
Vertex : 479 -> 291, 343, 237, 169, 251, 40, 330, 418, 230, 67, 506, 508, 643, 
Vertex : 480 -> 50, 238, 317, 350, 386, 206, 489, 457, 622, 232, 223, 73, 581, 98, 202, 545, 687, 
Vertex : 481 -> 28, 91, 150, 176, 244, 275, 287, 547, 269, 645, 154, 609, 429, 578, 403, 665, 197, 652, 155, 504, 690, 695, 
Vertex : 482 -> 37, 208, 223, 224, 290, 349, 357, 366, 383, 43, 104, 374, 247, 583, 548, 690, 698, 
Vertex : 483 -> 186, 190, 258, 440, 441, 655, 543, 376, 26, 574, 624, 226, 95, 126, 224, 362, 487, 513, 658, 695, 
Vertex : 484 -> 91, 223, 230, 302, 327, 409, 458, 270, 497, 404, 671, 612, 51, 73, 65, 575, 591, 599, 644, 
Vertex : 485 -> 15, 73, 108, 121, 184, 264, 282, 315, 454, 271, 314, 26, 582, 467, 524, 605, 624, 
Vertex : 486 -> 158, 192, 369, 374, 407, 421, 473, 294, 3, 448, 216, 380, 541, 340, 54, 201, 624, 
Vertex : 487 -> 12, 24, 26, 31, 88, 271, 339, 348, 469, 355, 434, 590, 265, 483, 661, 328, 606, 
Vertex : 488 -> 30, 92, 124, 218, 345, 419, 225, 424, 146, 646, 188, 613, 630, 637, 
Vertex : 489 -> 124, 325, 480, 106, 300, 400, 398, 453, 659, 
Vertex : 490 -> 19, 26, 129, 179, 183, 436, 131, 685, 251, 184, 109, 61, 104, 462, 645, 575, 619, 687, 
Vertex : 491 -> 71, 131, 212, 318, 415, 427, 256, 503, 234, 408, 
Vertex : 492 -> 7, 100, 145, 150, 228, 270, 425, 552, 123, 294, 21, 398, 471, 498, 246, 222, 642, 157, 352, 625, 558, 519, 577, 652, 690, 
Vertex : 493 -> 21, 32, 60, 78, 106, 321, 348, 407, 665, 197, 513, 577, 140, 656, 52, 17, 362, 5, 249, 68, 182, 514, 521, 595, 
Vertex : 494 -> 98, 136, 139, 155, 211, 219, 419, 456, 252, 90, 554, 100, 559, 350, 345, 79, 442, 500, 581, 517, 508, 636, 
Vertex : 495 -> 93, 165, 207, 219, 281, 402, 471, 212, 38, 498, 350, 144, 548, 518, 504, 3, 65, 22, 184, 23, 534, 698, 
Vertex : 496 -> 60, 222, 301, 429, 273, 179, 94, 371, 188, 594, 166, 418, 334, 664, 297, 529, 
Vertex : 497 -> 140, 156, 199, 475, 484, 312, 373, 543, 674, 561, 339, 3, 337, 291, 657, 506, 510, 558, 
Vertex : 498 -> 38, 92, 234, 278, 380, 402, 439, 440, 492, 495, 527, 67, 61, 98, 245, 305, 620, 583, 197, 84, 670, 
Vertex : 499 -> 112, 166, 172, 210, 219, 234, 256, 199, 595, 280, 119, 357, 651, 661, 330, 663, 450, 529, 590, 
Vertex : 500 -> 121, 174, 187, 195, 242, 331, 345, 368, 461, 494, 86, 544, 620, 423, 348, 48, 546, 113, 57, 422, 508, 360, 340, 507, 574, 608, 665, 
Vertex : 501 -> 88, 123, 228, 575, 687, 686, 72, 32, 264, 341, 540, 365, 300, 168, 571, 590, 633, 665, 679, 
Vertex : 502 -> 100, 264, 278, 356, 362, 421, 289, 285, 415, 359, 158, 61, 405, 2, 385, 668, 538, 604, 678, 
Vertex : 503 -> 75, 82, 174, 253, 317, 428, 468, 491, 475, 567, 444, 163, 572, 300, 549, 591, 643, 
Vertex : 504 -> 138, 197, 364, 464, 495, 331, 118, 179, 169, 481, 477, 508, 637, 679, 681, 
Vertex : 505 -> 5, 91, 113, 115, 138, 208, 247, 263, 264, 282, 434, 461, 476, 676, 358, 545, 259, 71, 354, 567, 209, 666, 175, 74, 532, 665, 
Vertex : 506 -> 6, 43, 262, 387, 497, 639, 664, 261, 509, 280, 560, 363, 269, 341, 479, 446, 508, 411, 577, 621, 646, 
Vertex : 507 -> 25, 40, 148, 208, 276, 313, 370, 425, 468, 667, 500, 101, 662, 58, 322, 314, 623, 602, 521, 510, 617, 634, 
Vertex : 508 -> 16, 81, 95, 120, 123, 323, 339, 416, 494, 500, 506, 146, 13, 86, 93, 651, 49, 504, 610, 479, 362, 272, 46, 554, 568, 611, 647, 684, 
Vertex : 509 -> 31, 125, 150, 203, 264, 287, 374, 403, 405, 413, 460, 506, 643, 659, 62, 315, 554, 179, 113, 653, 139, 321, 425, 603, 584, 587, 
Vertex : 510 -> 39, 120, 183, 276, 289, 364, 408, 456, 574, 334, 342, 19, 497, 579, 262, 598, 626, 64, 507, 555, 577, 681, 690, 
Vertex : 511 -> 137, 337, 476, 28, 428, 540, 138, 641, 305, 690, 118, 417, 94, 256, 188, 517, 309, 581, 542, 550, 553, 601, 
Vertex : 512 -> 92, 126, 309, 333, 410, 431, 458, 365, 86, 351, 313, 663, 540, 587, 603, 618, 661, 691, 
Vertex : 513 -> 270, 335, 493, 39, 277, 14, 592, 304, 393, 641, 483, 272, 632, 619, 211, 542, 595, 
Vertex : 514 -> 83, 176, 183, 346, 424, 327, 102, 303, 33, 289, 271, 493, 320, 14, 125, 136, 250, 474, 447, 211, 651, 
Vertex : 515 -> 16, 166, 177, 212, 225, 425, 467, 400, 262, 271, 290, 565, 662, 533, 578, 617, 633, 638, 658, 699, 
Vertex : 516 -> 5, 129, 221, 232, 265, 313, 367, 454, 312, 415, 441, 545, 624, 219, 98, 226, 402, 385, 647, 345, 155, 659, 592, 623, 663, 
Vertex : 517 -> 37, 91, 108, 353, 419, 494, 511, 208, 392, 186, 569, 225, 443, 420, 638, 12, 
Vertex : 518 -> 38, 84, 144, 191, 294, 362, 384, 427, 430, 495, 672, 540, 145, 203, 150, 10, 94, 146, 632, 463, 242, 308, 316, 77, 253, 
Vertex : 519 -> 46, 58, 160, 209, 261, 316, 361, 393, 363, 426, 122, 21, 116, 458, 588, 492, 577, 699, 
Vertex : 520 -> 154, 182, 203, 311, 378, 402, 428, 209, 617, 379, 180, 607, 674, 533, 56, 682, 77, 352, 64, 691, 544, 545, 585, 606, 642, 665, 
Vertex : 521 -> 233, 255, 268, 293, 352, 353, 463, 507, 305, 667, 622, 414, 347, 435, 138, 467, 454, 405, 376, 493, 544, 674, 
Vertex : 522 -> 54, 85, 125, 198, 263, 300, 380, 249, 225, 81, 164, 602, 411, 70, 26, 242, 276, 158, 469, 626, 220, 615, 688, 
Vertex : 523 -> 207, 215, 300, 589, 61, 85, 662, 474, 430, 395, 595, 656, 693, 
Vertex : 524 -> 37, 50, 173, 244, 294, 322, 335, 346, 424, 429, 300, 617, 22, 91, 262, 45, 338, 485, 124, 653, 537, 685, 13, 580, 684, 
Vertex : 525 -> 19, 71, 82, 83, 157, 186, 192, 465, 169, 145, 675, 388, 601, 641, 427, 113, 24, 539, 585, 604, 554, 580, 624, 
Vertex : 526 -> 58, 118, 153, 184, 332, 420, 402, 683, 13, 574, 72, 273, 618, 560, 209, 538, 693, 
Vertex : 527 -> 12, 64, 68, 82, 188, 231, 244, 283, 390, 394, 402, 407, 498, 196, 176, 134, 208, 551, 31, 375, 146, 4, 213, 46, 95, 639, 558, 562, 597, 
Vertex : 528 -> 16, 77, 136, 295, 359, 476, 192, 324, 159, 287, 176, 140, 450, 201, 362, 174, 117, 221, 381, 566, 572, 631, 632, 660, 686, 
Vertex : 529 -> 81, 100, 106, 255, 337, 425, 27, 85, 315, 385, 87, 496, 211, 231, 499, 422, 427, 44, 534, 613, 639, 
Vertex : 530 -> 20, 194, 238, 242, 281, 292, 409, 462, 464, 438, 224, 86, 595, 662, 
Vertex : 531 -> 56, 141, 150, 177, 221, 410, 611, 698, 582, 178, 217, 543, 640, 690, 
Vertex : 532 -> 48, 54, 90, 120, 121, 138, 152, 233, 299, 312, 363, 450, 456, 398, 439, 171, 11, 122, 408, 505, 331, 611, 
Vertex : 533 -> 157, 209, 288, 339, 378, 520, 204, 515, 649, 13, 548, 603, 642, 696, 
Vertex : 534 -> 29, 52, 194, 239, 382, 70, 647, 495, 182, 357, 679, 591, 267, 127, 471, 443, 343, 183, 529, 191, 
Vertex : 535 -> 169, 221, 352, 344, 557, 307, 674, 645, 60, 176, 459, 159, 339, 457, 20, 87, 677, 568, 636, 665, 
Vertex : 536 -> 81, 357, 364, 382, 432, 461, 158, 472, 9, 47, 189, 134, 668, 554, 683, 
Vertex : 537 -> 21, 105, 132, 148, 323, 335, 350, 524, 301, 62, 116, 371, 211, 466, 14, 67, 72, 138, 162, 282, 609, 652, 
Vertex : 538 -> 76, 78, 179, 186, 192, 288, 315, 410, 429, 439, 649, 526, 609, 502, 24, 553, 
Vertex : 539 -> 2, 295, 309, 448, 525, 646, 223, 155, 286, 356, 121, 367, 433, 421, 579, 548, 90, 89, 312, 254, 556, 642, 684, 696, 
Vertex : 540 -> 50, 72, 83, 122, 174, 214, 407, 501, 511, 518, 390, 466, 662, 152, 688, 551, 252, 512, 605, 624, 628, 631, 
Vertex : 541 -> 40, 118, 164, 318, 319, 360, 466, 486, 312, 632, 651, 420, 577, 172, 573, 313, 678, 693, 130, 410, 564, 7, 256, 553, 561, 658, 
Vertex : 542 -> 36, 182, 244, 323, 333, 422, 18, 357, 550, 399, 45, 467, 511, 196, 453, 513, 446, 263, 421, 332, 555, 
Vertex : 543 -> 200, 248, 377, 483, 497, 281, 444, 531, 452, 468, 142, 580, 686, 
Vertex : 544 -> 83, 142, 202, 241, 311, 349, 386, 425, 500, 288, 473, 275, 694, 575, 520, 11, 230, 560, 426, 285, 521, 72, 684, 
Vertex : 545 -> 43, 67, 81, 170, 180, 275, 291, 380, 505, 516, 668, 602, 204, 298, 626, 158, 578, 520, 687, 480, 438, 127, 643, 
Vertex : 546 -> 9, 45, 81, 258, 281, 346, 416, 471, 500, 547, 97, 118, 272, 89, 692, 90, 250, 372, 609, 108, 96, 344, 628, 552, 578, 622, 623, 634, 688, 
Vertex : 547 -> 197, 267, 401, 466, 481, 546, 410, 284, 583, 64, 581, 659, 644, 
Vertex : 548 -> 115, 184, 186, 235, 236, 415, 416, 495, 533, 539, 477, 205, 387, 214, 482, 43, 11, 327, 290, 128, 598, 378, 270, 138, 626, 661, 
Vertex : 549 -> 9, 79, 95, 119, 136, 216, 328, 409, 414, 446, 185, 187, 692, 111, 503, 673, 671, 86, 554, 571, 585, 
Vertex : 550 -> 116, 252, 292, 405, 542, 511, 24, 438, 608, 409, 582, 
Vertex : 551 -> 53, 527, 540, 602, 112, 166, 191, 238, 645, 
Vertex : 552 -> 120, 214, 282, 363, 390, 416, 442, 492, 658, 350, 643, 48, 546, 126, 233, 584, 692, 695, 
Vertex : 553 -> 42, 250, 187, 659, 357, 423, 511, 541, 538, 472, 91, 560, 581, 
Vertex : 554 -> 57, 78, 135, 136, 243, 257, 303, 328, 369, 435, 438, 494, 509, 549, 267, 309, 536, 319, 571, 700, 508, 259, 212, 525, 215, 560, 619, 261, 556, 559, 613, 614, 623, 632, 693, 695, 
Vertex : 555 -> 106, 109, 212, 218, 279, 338, 359, 396, 510, 542, 581, 282, 651, 388, 3, 575, 610, 637, 
Vertex : 556 -> 14, 23, 118, 181, 188, 208, 231, 262, 271, 280, 336, 358, 420, 554, 539, 230, 468, 397, 589, 616, 114, 196, 450, 583, 217, 448, 390, 474, 110, 
Vertex : 557 -> 61, 155, 206, 234, 248, 267, 535, 120, 434, 398, 675, 628, 612, 
Vertex : 558 -> 37, 90, 130, 157, 276, 340, 492, 659, 621, 617, 497, 74, 527, 174, 611, 571, 588, 622, 665, 
Vertex : 559 -> 1, 9, 150, 178, 205, 226, 320, 342, 475, 476, 494, 458, 95, 554, 22, 441, 302, 573, 598, 
Vertex : 560 -> 52, 238, 303, 415, 467, 506, 526, 544, 553, 554, 200, 444, 428, 460, 259, 413, 579, 692, 261, 4, 70, 601, 669, 179, 672, 623, 685, 
Vertex : 561 -> 119, 123, 223, 282, 316, 358, 407, 497, 45, 14, 146, 106, 220, 236, 563, 313, 89, 35, 52, 541, 637, 6, 192, 580, 
Vertex : 562 -> 12, 96, 169, 228, 269, 300, 306, 333, 372, 391, 650, 637, 447, 527, 79, 676, 
Vertex : 563 -> 60, 72, 287, 288, 321, 448, 561, 147, 605, 101, 324, 28, 135, 573, 620, 631, 658, 
Vertex : 564 -> 32, 89, 194, 250, 361, 403, 471, 541, 147, 44, 327, 365, 278, 340, 644, 
Vertex : 565 -> 81, 209, 256, 314, 329, 515, 374, 178, 357, 461, 334, 699, 291, 368, 647, 226, 113, 625, 455, 572, 672, 
Vertex : 566 -> 224, 245, 299, 396, 600, 173, 3, 374, 199, 289, 120, 572, 586, 162, 198, 402, 590, 688, 528, 635, 667, 
Vertex : 567 -> 135, 420, 503, 505, 157, 61, 120, 641, 58, 585, 
Vertex : 568 -> 73, 175, 193, 270, 404, 472, 155, 85, 419, 230, 690, 535, 285, 588, 159, 438, 412, 508, 634, 677, 
Vertex : 569 -> 81, 108, 114, 146, 157, 185, 429, 467, 517, 379, 610, 294, 575, 310, 182, 585, 691, 
Vertex : 570 -> 16, 47, 77, 80, 160, 332, 357, 421, 438, 586, 372, 443, 97, 642, 
Vertex : 571 -> 113, 274, 298, 363, 387, 405, 416, 461, 554, 501, 689, 459, 36, 558, 687, 24, 392, 422, 62, 549, 159, 472, 613, 633, 
Vertex : 572 -> 107, 140, 178, 197, 284, 388, 412, 503, 566, 604, 184, 242, 196, 209, 2, 528, 221, 289, 565, 43, 182, 608, 686, 
Vertex : 573 -> 20, 126, 144, 184, 189, 541, 563, 264, 634, 2, 173, 668, 559, 158, 142, 401, 579, 202, 400, 36, 
Vertex : 574 -> 91, 95, 249, 267, 361, 483, 510, 526, 368, 26, 388, 61, 372, 595, 350, 114, 500, 213, 307, 133, 324, 288, 146, 692, 
Vertex : 575 -> 14, 96, 254, 331, 373, 418, 484, 501, 544, 569, 147, 209, 490, 156, 365, 630, 555, 394, 130, 405, 580, 404, 634, 
Vertex : 576 -> 38, 106, 210, 294, 334, 469, 478, 580, 446, 458, 402, 340, 669, 51, 604, 620, 414, 188, 648, 599, 
Vertex : 577 -> 56, 137, 143, 219, 276, 331, 350, 383, 493, 510, 541, 471, 492, 431, 259, 646, 247, 188, 651, 91, 468, 506, 670, 171, 413, 519, 665, 666, 677, 686, 
Vertex : 578 -> 81, 84, 307, 366, 378, 381, 392, 427, 481, 545, 450, 647, 546, 651, 2, 464, 515, 362, 665, 460, 159, 224, 229, 101, 106, 609, 618, 621, 636, 682, 
Vertex : 579 -> 11, 133, 149, 195, 226, 238, 425, 510, 539, 560, 573, 351, 673, 299, 440, 439, 104, 60, 667, 377, 108, 274, 254, 8, 
Vertex : 580 -> 2, 137, 156, 210, 211, 285, 327, 335, 543, 575, 576, 109, 524, 561, 74, 184, 525, 94, 615, 619, 651, 678, 
Vertex : 581 -> 105, 119, 169, 202, 237, 331, 420, 480, 494, 511, 547, 555, 322, 385, 553, 107, 230, 179, 92, 433, 676, 
Vertex : 582 -> 116, 185, 193, 216, 243, 248, 281, 298, 485, 531, 550, 478, 436, 122, 31, 
Vertex : 583 -> 69, 100, 174, 259, 260, 294, 300, 310, 482, 498, 547, 556, 128, 153, 466, 139, 225, 662, 450, 193, 246, 601, 660, 
Vertex : 584 -> 11, 44, 66, 133, 144, 282, 326, 417, 468, 630, 200, 70, 509, 552, 450, 
Vertex : 585 -> 64, 74, 207, 253, 267, 311, 319, 344, 357, 382, 451, 525, 567, 21, 43, 195, 569, 520, 81, 142, 549, 125, 84, 127, 276, 264, 612, 653, 659, 
Vertex : 586 -> 132, 142, 223, 256, 257, 391, 401, 419, 566, 570, 377, 248, 138, 621, 595, 691, 697, 
Vertex : 587 -> 16, 38, 152, 405, 409, 436, 93, 169, 509, 95, 69, 97, 35, 635, 117, 77, 280, 136, 47, 512, 276, 618, 666, 
Vertex : 588 -> 172, 174, 245, 250, 269, 321, 341, 519, 568, 359, 171, 210, 358, 433, 160, 303, 260, 558, 592, 180, 594, 662, 693, 
Vertex : 589 -> 64, 75, 242, 437, 523, 556, 179, 146, 311, 686, 239, 378, 234, 603, 676, 694, 
Vertex : 590 -> 101, 175, 190, 291, 320, 487, 566, 501, 499, 42, 635, 696, 4, 210, 594, 602, 620, 658, 
Vertex : 591 -> 16, 44, 135, 182, 225, 241, 242, 358, 379, 439, 484, 534, 19, 361, 297, 375, 245, 607, 676, 503, 
Vertex : 592 -> 84, 192, 201, 216, 452, 513, 588, 681, 516, 8, 159, 660, 317, 295, 197, 693, 679, 72, 607, 478, 
Vertex : 593 -> 49, 215, 244, 251, 470, 412, 16, 649, 72, 54, 36, 89, 414, 642, 
Vertex : 594 -> 145, 249, 275, 312, 342, 367, 378, 415, 496, 657, 237, 588, 610, 151, 605, 590, 665, 611, 199, 76, 644, 652, 681, 693, 696, 
Vertex : 595 -> 36, 93, 107, 175, 386, 391, 453, 471, 499, 530, 574, 586, 622, 493, 426, 398, 513, 523, 596, 621, 
Vertex : 596 -> 149, 162, 250, 361, 413, 622, 330, 31, 657, 417, 595, 439, 329, 638, 670, 695, 
Vertex : 597 -> 277, 308, 326, 216, 611, 275, 271, 651, 391, 180, 148, 617, 8, 90, 338, 527, 620, 
Vertex : 598 -> 12, 17, 81, 188, 284, 286, 343, 363, 418, 510, 548, 252, 559, 93, 73, 117, 70, 694, 446, 251, 101, 313, 
Vertex : 599 -> 151, 196, 295, 356, 401, 405, 423, 484, 641, 297, 662, 307, 358, 388, 576, 459, 229, 
Vertex : 600 -> 19, 23, 25, 82, 220, 221, 320, 324, 330, 566, 144, 212, 146, 632, 37, 669, 697, 
Vertex : 601 -> 67, 80, 208, 293, 389, 420, 525, 560, 439, 315, 455, 511, 583, 675, 608, 634, 
Vertex : 602 -> 8, 75, 226, 350, 361, 396, 408, 507, 522, 545, 551, 225, 54, 90, 672, 590, 181, 419, 684, 
Vertex : 603 -> 4, 222, 326, 438, 467, 509, 76, 388, 512, 533, 615, 16, 589, 209, 
Vertex : 604 -> 24, 26, 98, 196, 278, 284, 386, 405, 525, 572, 576, 140, 414, 641, 502, 151, 255, 256, 112, 136, 229, 65, 269, 153, 653, 654, 
Vertex : 605 -> 107, 206, 232, 238, 264, 450, 563, 594, 485, 444, 158, 269, 670, 696, 653, 610, 246, 540, 117, 623, 
Vertex : 606 -> 114, 373, 383, 403, 425, 457, 487, 115, 208, 88, 520, 462, 199, 106, 141, 414, 652, 
Vertex : 607 -> 5, 74, 121, 127, 145, 249, 267, 415, 459, 475, 520, 591, 592, 682, 472, 220, 137, 255, 662, 445, 675, 630, 440, 
Vertex : 608 -> 13, 157, 198, 304, 313, 318, 367, 373, 430, 550, 500, 601, 572, 615, 674, 321, 459, 311, 694, 
Vertex : 609 -> 27, 174, 246, 349, 373, 434, 470, 481, 538, 546, 281, 439, 195, 537, 578, 616, 621, 674, 675, 
Vertex : 610 -> 18, 300, 330, 397, 402, 418, 450, 508, 569, 594, 605, 224, 39, 474, 443, 175, 180, 555, 70, 153, 633, 
Vertex : 611 -> 49, 210, 246, 253, 412, 531, 558, 594, 597, 508, 668, 458, 407, 690, 372, 532, 186, 680, 681, 
Vertex : 612 -> 204, 269, 404, 426, 453, 484, 647, 120, 437, 226, 557, 82, 61, 585, 688, 215, 108, 655, 691, 
Vertex : 613 -> 14, 40, 100, 295, 358, 452, 461, 350, 318, 554, 571, 469, 488, 529, 615, 673, 
Vertex : 614 -> 17, 200, 220, 223, 346, 375, 286, 284, 443, 108, 114, 79, 249, 554, 25, 664, 675, 696, 
Vertex : 615 -> 17, 176, 200, 467, 472, 603, 608, 401, 374, 522, 613, 409, 660, 126, 667, 135, 264, 666, 636, 580, 671, 621, 649, 
Vertex : 616 -> 119, 148, 168, 209, 262, 291, 331, 419, 454, 556, 609, 332, 376, 362, 659, 255, 651, 687, 
Vertex : 617 -> 4, 69, 118, 241, 293, 351, 376, 520, 524, 558, 597, 332, 421, 75, 507, 238, 515, 207, 62, 621, 659, 
Vertex : 618 -> 23, 112, 196, 206, 526, 622, 445, 394, 587, 578, 657, 4, 512, 687, 673, 621, 626, 658, 689, 
Vertex : 619 -> 139, 157, 187, 195, 248, 258, 275, 513, 554, 580, 98, 311, 392, 164, 268, 645, 337, 490, 
Vertex : 620 -> 61, 105, 180, 229, 269, 414, 498, 500, 576, 563, 233, 597, 376, 590, 109, 161, 637, 
Vertex : 621 -> 133, 165, 167, 287, 323, 367, 406, 421, 558, 586, 56, 399, 615, 633, 506, 617, 595, 643, 40, 361, 578, 618, 609, 340, 
Vertex : 622 -> 416, 467, 480, 521, 595, 596, 618, 58, 404, 558, 546, 282, 65, 408, 666, 
Vertex : 623 -> 4, 167, 367, 370, 450, 507, 605, 554, 219, 546, 11, 247, 52, 560, 312, 683, 516, 379, 
Vertex : 624 -> 19, 73, 75, 189, 236, 319, 340, 373, 386, 402, 483, 516, 417, 540, 486, 485, 447, 124, 92, 668, 332, 647, 525, 177, 227, 40, 35, 664, 675, 
Vertex : 625 -> 89, 139, 385, 410, 492, 565, 267, 196, 367, 263, 357, 64, 314, 215, 
Vertex : 626 -> 3, 125, 160, 240, 312, 393, 395, 413, 510, 522, 545, 548, 29, 203, 636, 618, 464, 659, 685, 
Vertex : 627 -> 37, 54, 76, 127, 195, 354, 391, 209, 694, 644, 176, 325, 41, 151, 652, 419, 189, 632, 
Vertex : 628 -> 17, 22, 99, 127, 138, 216, 269, 293, 336, 361, 373, 401, 465, 546, 557, 337, 402, 406, 2, 116, 61, 217, 428, 426, 41, 325, 453, 243, 250, 540, 655, 675, 
Vertex : 629 -> 224, 274, 304, 315, 398, 410, 11, 372, 403, 106, 698, 178, 297, 147, 630, 682, 
Vertex : 630 -> 29, 84, 575, 584, 607, 334, 263, 73, 669, 115, 629, 121, 229, 689, 488, 686, 
Vertex : 631 -> 43, 78, 102, 129, 132, 197, 208, 285, 302, 344, 368, 420, 424, 463, 528, 431, 317, 69, 131, 155, 378, 293, 563, 540, 115, 416, 96, 111, 44, 653, 689, 
Vertex : 632 -> 66, 82, 128, 138, 349, 353, 421, 513, 518, 541, 600, 322, 404, 40, 35, 627, 159, 149, 554, 431, 528, 693, 217, 
Vertex : 633 -> 44, 88, 352, 357, 396, 417, 621, 43, 515, 172, 110, 644, 325, 639, 387, 338, 477, 501, 53, 571, 610, 95, 652, 696, 
Vertex : 634 -> 11, 79, 156, 210, 226, 228, 238, 242, 348, 427, 442, 573, 568, 266, 507, 601, 191, 665, 48, 196, 546, 575, 339, 
Vertex : 635 -> 77, 185, 242, 250, 254, 356, 398, 404, 409, 587, 590, 194, 103, 472, 364, 363, 566, 139, 300, 251, 476, 227, 202, 679, 248, 263, 
Vertex : 636 -> 44, 47, 91, 101, 217, 232, 279, 369, 387, 417, 425, 615, 626, 578, 638, 375, 535, 690, 17, 650, 36, 211, 494, 61, 700, 697, 
Vertex : 637 -> 21, 66, 157, 200, 209, 251, 284, 424, 443, 561, 562, 193, 107, 488, 555, 620, 504, 693, 371, 54, 
Vertex : 638 -> 40, 77, 262, 393, 517, 636, 254, 596, 295, 515, 118, 404, 654, 
Vertex : 639 -> 101, 114, 135, 303, 307, 355, 366, 414, 506, 527, 633, 77, 529, 195, 92, 477, 381, 453, 422, 
Vertex : 640 -> 63, 86, 93, 154, 426, 457, 95, 531, 396, 100, 449, 198, 243, 118, 402, 160, 665, 679, 685, 
Vertex : 641 -> 190, 240, 289, 311, 365, 427, 442, 471, 511, 513, 525, 567, 599, 604, 206, 458, 72, 323, 312, 664, 
Vertex : 642 -> 104, 290, 347, 367, 469, 492, 570, 539, 593, 173, 82, 520, 4, 533, 240, 443, 435, 664, 351, 680, 645, 
Vertex : 643 -> 284, 335, 410, 413, 448, 509, 552, 621, 545, 320, 661, 246, 479, 276, 503, 683, 184, 25, 689, 
Vertex : 644 -> 31, 48, 164, 182, 594, 627, 633, 89, 434, 484, 132, 57, 564, 651, 212, 547, 
Vertex : 645 -> 68, 134, 319, 481, 490, 535, 619, 642, 281, 456, 454, 411, 551, 646, 658, 691, 
Vertex : 646 -> 116, 195, 248, 461, 488, 539, 577, 394, 645, 107, 506, 341, 36, 80, 142, 17, 
Vertex : 647 -> 14, 24, 154, 161, 238, 249, 269, 307, 309, 379, 418, 516, 534, 565, 578, 612, 624, 359, 405, 508, 141, 687, 16, 3, 88, 
Vertex : 648 -> 60, 83, 348, 349, 576, 428, 177, 280, 334, 82, 689, 183, 181, 476, 28, 124, 
Vertex : 649 -> 144, 147, 250, 255, 275, 363, 533, 538, 593, 615, 67, 62, 55, 234, 475, 665, 687, 
Vertex : 650 -> 79, 322, 326, 393, 405, 477, 562, 636, 133, 226, 663, 272, 211, 677, 426, 298, 353, 273, 176, 680, 3, 
Vertex : 651 -> 41, 48, 63, 102, 187, 274, 287, 291, 312, 345, 445, 472, 499, 508, 541, 555, 577, 578, 597, 644, 142, 293, 392, 616, 319, 514, 99, 149, 580, 666, 
Vertex : 652 -> 80, 155, 167, 328, 422, 432, 481, 627, 633, 397, 683, 606, 3, 114, 130, 116, 537, 492, 243, 261, 240, 594, 684, 
Vertex : 653 -> 176, 218, 250, 300, 305, 317, 330, 346, 354, 462, 509, 524, 605, 137, 631, 277, 115, 473, 344, 585, 286, 441, 32, 164, 604, 
Vertex : 654 -> 169, 213, 222, 237, 239, 249, 373, 417, 446, 451, 374, 152, 604, 638, 432, 686, 690, 
Vertex : 655 -> 49, 113, 130, 160, 206, 225, 251, 280, 478, 483, 374, 260, 336, 612, 305, 318, 628, 176, 
Vertex : 656 -> 47, 86, 201, 240, 272, 321, 370, 421, 493, 257, 181, 168, 29, 523, 51, 465, 414, 81, 79, 468, 472, 698, 
Vertex : 657 -> 57, 87, 169, 220, 236, 303, 497, 594, 596, 618, 296, 78, 272, 384, 661, 289, 308, 333, 699, 94, 
Vertex : 658 -> 98, 179, 307, 309, 352, 362, 440, 552, 563, 474, 80, 466, 375, 336, 645, 541, 515, 618, 590, 430, 483, 
Vertex : 659 -> 190, 206, 312, 313, 388, 423, 447, 448, 509, 516, 547, 553, 558, 616, 249, 43, 585, 617, 489, 662, 187, 172, 73, 626, 673, 
Vertex : 660 -> 180, 296, 592, 615, 75, 22, 402, 528, 583, 
Vertex : 661 -> 8, 176, 328, 360, 389, 487, 499, 643, 657, 348, 548, 392, 443, 387, 205, 512, 275, 85, 673, 
Vertex : 662 -> 54, 140, 174, 205, 507, 515, 523, 530, 540, 583, 599, 607, 659, 42, 588, 78, 375, 190, 92, 697, 261, 16, 683, 
Vertex : 663 -> 233, 422, 427, 433, 475, 499, 512, 650, 90, 98, 516, 68, 679, 141, 672, 477, 687, 363, 371, 
Vertex : 664 -> 20, 95, 229, 314, 342, 449, 496, 506, 642, 333, 97, 102, 624, 641, 294, 614, 679, 370, 
Vertex : 665 -> 8, 39, 102, 172, 183, 233, 255, 300, 323, 377, 421, 443, 481, 493, 578, 594, 634, 558, 62, 500, 269, 229, 424, 535, 469, 520, 501, 649, 640, 505, 577, 
Vertex : 666 -> 30, 57, 113, 243, 330, 355, 470, 505, 615, 622, 246, 447, 335, 577, 694, 587, 651, 672, 683, 
Vertex : 667 -> 48, 101, 118, 120, 160, 204, 228, 313, 437, 507, 521, 579, 615, 15, 63, 152, 685, 566, 46, 364, 428, 425, 238, 
Vertex : 668 -> 25, 94, 192, 502, 536, 545, 573, 611, 624, 56, 212, 177, 156, 150, 132, 31, 225, 449, 427, 122, 
Vertex : 669 -> 101, 126, 140, 314, 321, 380, 560, 576, 630, 114, 271, 403, 197, 600, 416, 410, 50, 400, 
Vertex : 670 -> 47, 321, 451, 577, 605, 596, 89, 87, 319, 325, 498, 
Vertex : 671 -> 92, 265, 303, 317, 325, 339, 407, 451, 456, 473, 484, 549, 615, 160, 136, 138, 460, 266, 167, 683, 13, 44, 255, 
Vertex : 672 -> 160, 162, 232, 262, 434, 518, 560, 602, 663, 367, 666, 349, 14, 565, 63, 
Vertex : 673 -> 417, 436, 549, 579, 618, 613, 147, 424, 659, 234, 661, 
Vertex : 674 -> 55, 63, 76, 136, 168, 235, 260, 270, 297, 497, 520, 535, 608, 609, 387, 692, 67, 521, 128, 677, 86, 293, 110, 249, 335, 676, 
Vertex : 675 -> 13, 80, 180, 340, 458, 525, 557, 601, 607, 281, 28, 609, 628, 41, 624, 141, 614, 
Vertex : 676 -> 173, 234, 261, 341, 387, 505, 591, 59, 562, 162, 444, 674, 589, 452, 581, 685, 
Vertex : 677 -> 79, 122, 299, 401, 411, 535, 650, 674, 99, 246, 568, 226, 330, 311, 335, 577, 96, 
Vertex : 678 -> 44, 293, 298, 314, 377, 412, 455, 541, 375, 175, 580, 453, 214, 502, 
Vertex : 679 -> 138, 162, 180, 203, 205, 247, 389, 400, 456, 534, 592, 635, 663, 664, 640, 95, 335, 501, 408, 77, 473, 447, 504, 171, 419, 
Vertex : 680 -> 115, 117, 220, 258, 302, 343, 475, 642, 650, 437, 278, 195, 198, 611, 71, 292, 57, 41, 230, 
Vertex : 681 -> 12, 37, 39, 92, 226, 373, 378, 449, 592, 594, 420, 611, 170, 510, 4, 504, 309, 685, 
Vertex : 682 -> 117, 364, 520, 607, 232, 307, 9, 187, 629, 578, 
Vertex : 683 -> 24, 60, 72, 172, 194, 243, 326, 332, 415, 526, 623, 643, 652, 671, 466, 666, 536, 662, 27, 57, 405, 235, 96, 
Vertex : 684 -> 6, 15, 103, 240, 250, 256, 277, 297, 372, 469, 652, 166, 539, 356, 36, 448, 524, 544, 602, 478, 304, 463, 508, 
Vertex : 685 -> 42, 48, 218, 400, 410, 441, 450, 490, 524, 667, 171, 299, 695, 560, 640, 459, 676, 626, 420, 154, 681, 275, 
Vertex : 686 -> 4, 44, 46, 55, 74, 133, 262, 332, 376, 501, 589, 93, 148, 543, 630, 654, 577, 528, 477, 572, 429, 253, 174, 342, 211, 158, 
Vertex : 687 -> 20, 113, 293, 328, 360, 379, 435, 501, 545, 571, 618, 647, 663, 480, 310, 322, 490, 248, 79, 616, 324, 649, 68, 303, 222, 
Vertex : 688 -> 15, 159, 260, 297, 540, 566, 612, 466, 204, 522, 546, 156, 
Vertex : 689 -> 7, 55, 123, 294, 304, 324, 344, 405, 571, 630, 648, 631, 419, 100, 335, 43, 440, 696, 352, 450, 323, 130, 58, 643, 618, 456, 
Vertex : 690 -> 156, 274, 338, 373, 374, 511, 568, 611, 636, 78, 120, 51, 531, 492, 654, 510, 256, 482, 101, 463, 481, 
Vertex : 691 -> 233, 291, 342, 386, 403, 417, 520, 351, 22, 177, 392, 612, 172, 194, 512, 645, 322, 569, 586, 
Vertex : 692 -> 101, 158, 171, 289, 296, 384, 401, 546, 549, 560, 674, 56, 373, 552, 326, 574, 
Vertex : 693 -> 93, 161, 344, 417, 427, 541, 592, 632, 637, 526, 341, 523, 133, 273, 74, 594, 53, 696, 588, 554, 
Vertex : 694 -> 41, 57, 170, 544, 598, 627, 666, 244, 78, 386, 589, 329, 209, 608, 365, 50, 381, 
Vertex : 695 -> 32, 47, 78, 86, 311, 348, 685, 231, 44, 445, 63, 269, 554, 132, 552, 278, 205, 596, 481, 351, 483, 
Vertex : 696 -> 51, 53, 95, 132, 137, 349, 445, 590, 605, 689, 693, 697, 27, 594, 533, 614, 633, 312, 274, 539, 
Vertex : 697 -> 52, 79, 130, 150, 228, 300, 305, 454, 662, 696, 219, 392, 193, 600, 586, 636, 113, 195, 355, 118, 478, 
Vertex : 698 -> 14, 295, 303, 329, 345, 358, 531, 629, 133, 252, 325, 482, 185, 656, 450, 332, 495, 163, 
Vertex : 699 -> 18, 177, 345, 422, 565, 657, 473, 318, 416, 446, 90, 85, 289, 433, 135, 325, 519, 399, 172, 515, 447, 
Vertex : 700 -> 100, 151, 174, 181, 292, 294, 314, 554, 636, 



Vertex : 1 -> 1, 559, 
Vertex : 2 -> 3, 694, 
Vertex : 3 -> 4, 2, 
Vertex : 4 -> 5, 3, 
Vertex : 5 -> 6, 4, 
Vertex : 6 -> 7, 5, 
Vertex : 7 -> 661, 6, 
Vertex : 8 -> 9, 661, 
Vertex : 9 -> 10, 8, 
Vertex : 10 -> 11, 9, 
Vertex : 11 -> 13, 10, 
Vertex : 12 -> 15, 660, 
Vertex : 13 -> 169, 11, 
Vertex : 14 -> 16, 698, 
Vertex : 15 -> 19, 12, 
Vertex : 16 -> 17, 14, 
Vertex : 17 -> 408, 16, 
Vertex : 18 -> 20, 450, 
Vertex : 19 -> 23, 15, 
Vertex : 20 -> 21, 18, 
Vertex : 21 -> 22, 20, 
Vertex : 22 -> 24, 21, 
Vertex : 23 -> 41, 19, 
Vertex : 24 -> 212, 22, 
Vertex : 25 -> 26, 364, 
Vertex : 26 -> 27, 25, 
Vertex : 27 -> 28, 26, 
Vertex : 28 -> 29, 27, 
Vertex : 29 -> 30, 28, 
Vertex : 30 -> 344, 29, 
Vertex : 31 -> 32, 398, 
Vertex : 32 -> 33, 31, 
Vertex : 33 -> 34, 32, 
Vertex : 34 -> 35, 33, 
Vertex : 35 -> 36, 34, 
Vertex : 36 -> 96, 35, 
Vertex : 37 -> 38, 517, 
Vertex : 38 -> 39, 37, 
Vertex : 39 -> 40, 38, 
Vertex : 40 -> 42, 39, 
Vertex : 41 -> 50, 23, 
Vertex : 42 -> 43, 40, 
Vertex : 43 -> 44, 42, 
Vertex : 44 -> 45, 43, 
Vertex : 45 -> 46, 44, 
Vertex : 46 -> 47, 45, 
Vertex : 47 -> 48, 46, 
Vertex : 48 -> 331, 47, 
Vertex : 49 -> 51, 611, 
Vertex : 50 -> 53, 41, 
Vertex : 51 -> 52, 49, 
Vertex : 52 -> 157, 51, 
Vertex : 53 -> 58, 50, 
Vertex : 54 -> 55, 417, 
Vertex : 55 -> 56, 54, 
Vertex : 56 -> 57, 55, 
Vertex : 57 -> 59, 56, 
Vertex : 58 -> 250, 53, 
Vertex : 59 -> 683, 57, 
Vertex : 60 -> 61, 683, 
Vertex : 61 -> 62, 60, 
Vertex : 62 -> 281, 61, 
Vertex : 63 -> 64, 281, 
Vertex : 64 -> 65, 63, 
Vertex : 65 -> 67, 64, 
Vertex : 66 -> 71, 250, 
Vertex : 67 -> 68, 65, 
Vertex : 68 -> 69, 67, 
Vertex : 69 -> 70, 68, 
Vertex : 70 -> 72, 69, 
Vertex : 71 -> 74, 66, 
Vertex : 72 -> 228, 70, 
Vertex : 73 -> 75, 228, 
Vertex : 74 -> 76, 71, 
Vertex : 75 -> 77, 73, 
Vertex : 76 -> 93, 74, 
Vertex : 77 -> 78, 75, 
Vertex : 78 -> 79, 77, 
Vertex : 79 -> 80, 78, 
Vertex : 80 -> 81, 79, 
Vertex : 81 -> 82, 80, 
Vertex : 82 -> 83, 81, 
Vertex : 83 -> 84, 82, 
Vertex : 84 -> 85, 83, 
Vertex : 85 -> 640, 84, 
Vertex : 86 -> 87, 640, 
Vertex : 87 -> 88, 86, 
Vertex : 88 -> 89, 87, 
Vertex : 89 -> 90, 88, 
Vertex : 90 -> 91, 89, 
Vertex : 91 -> 377, 90, 
Vertex : 92 -> 94, 681, 
Vertex : 93 -> 105, 76, 
Vertex : 94 -> 95, 92, 
Vertex : 95 -> 97, 94, 
Vertex : 96 -> 482, 36, 
Vertex : 97 -> 98, 95, 
Vertex : 98 -> 109, 97, 
Vertex : 99 -> 100, 456, 
Vertex : 100 -> 101, 99, 
Vertex : 101 -> 102, 100, 
Vertex : 102 -> 103, 101, 
Vertex : 103 -> 104, 102, 
Vertex : 104 -> 442, 103, 
Vertex : 105 -> 111, 93, 
Vertex : 106 -> 107, 442, 
Vertex : 107 -> 108, 106, 
Vertex : 108 -> 110, 107, 
Vertex : 109 -> 193, 98, 
Vertex : 110 -> 112, 108, 
Vertex : 111 -> 116, 105, 
Vertex : 112 -> 359, 110, 
Vertex : 113 -> 114, 666, 
Vertex : 114 -> 115, 113, 
Vertex : 115 -> 682, 114, 
Vertex : 116 -> 122, 111, 
Vertex : 117 -> 118, 682, 
Vertex : 118 -> 119, 117, 
Vertex : 119 -> 510, 118, 
Vertex : 120 -> 121, 667, 
Vertex : 121 -> 127, 120, 
Vertex : 122 -> 135, 116, 
Vertex : 123 -> 124, 561, 
Vertex : 124 -> 125, 123, 
Vertex : 125 -> 126, 124, 
Vertex : 126 -> 128, 125, 
Vertex : 127 -> 501, 121, 
Vertex : 128 -> 129, 126, 
Vertex : 129 -> 130, 128, 
Vertex : 130 -> 131, 129, 
Vertex : 131 -> 132, 130, 
Vertex : 132 -> 133, 131, 
Vertex : 133 -> 134, 132, 
Vertex : 134 -> 136, 133, 
Vertex : 135 -> 138, 122, 
Vertex : 136 -> 424, 134, 
Vertex : 137 -> 140, 696, 
Vertex : 138 -> 139, 135, 
Vertex : 139 -> 144, 138, 
Vertex : 140 -> 141, 137, 
Vertex : 141 -> 142, 140, 
Vertex : 142 -> 143, 141, 
Vertex : 143 -> 145, 142, 
Vertex : 144 -> 154, 139, 
Vertex : 145 -> 358, 143, 
Vertex : 146 -> 147, 358, 
Vertex : 147 -> 148, 146, 
Vertex : 148 -> 149, 147, 
Vertex : 149 -> 207, 148, 
Vertex : 150 -> 151, 492, 
Vertex : 151 -> 152, 150, 
Vertex : 152 -> 526, 151, 
Vertex : 153 -> 155, 526, 
Vertex : 154 -> 160, 144, 
Vertex : 155 -> 156, 153, 
Vertex : 156 -> 393, 155, 
Vertex : 157 -> 417, 52, 
Vertex : 158 -> 159, 393, 
Vertex : 159 -> 167, 158, 
Vertex : 160 -> 171, 154, 
Vertex : 161 -> 162, 285, 
Vertex : 162 -> 163, 161, 
Vertex : 163 -> 278, 162, 
Vertex : 164 -> 165, 644, 
Vertex : 165 -> 166, 164, 
Vertex : 166 -> 168, 165, 
Vertex : 167 -> 285, 159, 
Vertex : 168 -> 170, 166, 
Vertex : 169 -> 287, 13, 
Vertex : 170 -> 172, 168, 
Vertex : 171 -> 174, 160, 
Vertex : 172 -> 243, 170, 
Vertex : 173 -> 326, 369, 
Vertex : 174 -> 176, 171, 
Vertex : 175 -> 177, 352, 
Vertex : 176 -> 205, 174, 
Vertex : 177 -> 178, 175, 
Vertex : 178 -> 179, 177, 
Vertex : 179 -> 180, 178, 
Vertex : 180 -> 181, 179, 
Vertex : 181 -> 182, 180, 
Vertex : 182 -> 183, 181, 
Vertex : 183 -> 184, 182, 
Vertex : 184 -> 185, 183, 
Vertex : 185 -> 235, 184, 
Vertex : 186 -> 406, 525, 
Vertex : 187 -> 188, 406, 
Vertex : 188 -> 189, 187, 
Vertex : 189 -> 190, 188, 
Vertex : 190 -> 223, 189, 
Vertex : 191 -> 192, 268, 
Vertex : 192 -> 194, 191, 
Vertex : 193 -> 456, 109, 
Vertex : 194 -> 195, 192, 
Vertex : 195 -> 196, 194, 
Vertex : 196 -> 197, 195, 
Vertex : 197 -> 198, 196, 
Vertex : 198 -> 283, 197, 
Vertex : 199 -> 200, 286, 
Vertex : 200 -> 201, 199, 
Vertex : 201 -> 202, 200, 
Vertex : 202 -> 203, 201, 
Vertex : 203 -> 204, 202, 
Vertex : 204 -> 409, 203, 
Vertex : 205 -> 210, 176, 
Vertex : 206 -> 208, 409, 
Vertex : 207 -> 492, 149, 
Vertex : 208 -> 209, 206, 
Vertex : 209 -> 211, 208, 
Vertex : 210 -> 222, 205, 
Vertex : 211 -> 213, 209, 
Vertex : 212 -> 214, 24, 
Vertex : 213 -> 248, 211, 
Vertex : 214 -> 364, 212, 
Vertex : 215 -> 216, 248, 
Vertex : 216 -> 244, 215, 
Vertex : 217 -> 247, 636, 
Vertex : 218 -> 219, 488, 
Vertex : 219 -> 220, 218, 
Vertex : 220 -> 297, 219, 
Vertex : 221 -> 224, 600, 
Vertex : 222 -> 227, 210, 
Vertex : 223 -> 268, 190, 
Vertex : 224 -> 225, 221, 
Vertex : 225 -> 226, 224, 
Vertex : 226 -> 429, 225, 
Vertex : 227 -> 230, 222, 
Vertex : 228 -> 73, 72, 
Vertex : 229 -> 232, 429, 
Vertex : 230 -> 231, 227, 
Vertex : 231 -> 233, 230, 
Vertex : 232 -> 234, 229, 
Vertex : 233 -> 241, 231, 
Vertex : 234 -> 236, 232, 
Vertex : 235 -> 430, 185, 
Vertex : 236 -> 237, 234, 
Vertex : 237 -> 530, 236, 
Vertex : 238 -> 239, 605, 
Vertex : 239 -> 240, 238, 
Vertex : 240 -> 242, 239, 
Vertex : 241 -> 258, 233, 
Vertex : 242 -> 566, 240, 
Vertex : 243 -> 369, 172, 
Vertex : 244 -> 636, 216, 
Vertex : 245 -> 246, 566, 
Vertex : 246 -> 249, 245, 
Vertex : 247 -> 367, 217, 
Vertex : 248 -> 215, 213, 
Vertex : 249 -> 637, 246, 
Vertex : 250 -> 66, 58, 
Vertex : 251 -> 252, 637, 
Vertex : 252 -> 253, 251, 
Vertex : 253 -> 254, 252, 
Vertex : 254 -> 255, 253, 
Vertex : 255 -> 256, 254, 
Vertex : 256 -> 257, 255, 
Vertex : 257 -> 259, 256, 
Vertex : 258 -> 260, 241, 
Vertex : 259 -> 261, 257, 
Vertex : 260 -> 272, 258, 
Vertex : 261 -> 262, 259, 
Vertex : 262 -> 263, 261, 
Vertex : 263 -> 264, 262, 
Vertex : 264 -> 265, 263, 
Vertex : 265 -> 266, 264, 
Vertex : 266 -> 346, 265, 
Vertex : 267 -> 303, 547, 
Vertex : 268 -> 191, 223, 
Vertex : 269 -> 270, 620, 
Vertex : 270 -> 556, 269, 
Vertex : 271 -> 273, 556, 
Vertex : 272 -> 274, 260, 
Vertex : 273 -> 481, 271, 
Vertex : 274 -> 277, 272, 
Vertex : 275 -> 423, 619, 
Vertex : 276 -> 279, 440, 
Vertex : 277 -> 282, 274, 
Vertex : 278 -> 439, 163, 
Vertex : 279 -> 280, 276, 
Vertex : 280 -> 284, 279, 
Vertex : 281 -> 63, 62, 
Vertex : 282 -> 295, 277, 
Vertex : 283 -> 286, 198, 
Vertex : 284 -> 288, 280, 
Vertex : 285 -> 161, 167, 
Vertex : 286 -> 199, 283, 
Vertex : 287 -> 613, 169, 
Vertex : 288 -> 289, 284, 
Vertex : 289 -> 290, 288, 
Vertex : 290 -> 291, 289, 
Vertex : 291 -> 292, 290, 
Vertex : 292 -> 311, 291, 
Vertex : 293 -> 294, 687, 
Vertex : 294 -> 296, 293, 
Vertex : 295 -> 318, 282, 
Vertex : 296 -> 298, 294, 
Vertex : 297 -> 317, 220, 
Vertex : 298 -> 299, 296, 
Vertex : 299 -> 300, 298, 
Vertex : 300 -> 496, 299, 
Vertex : 301 -> 302, 496, 
Vertex : 302 -> 608, 301, 
Vertex : 303 -> 562, 267, 
Vertex : 304 -> 305, 608, 
Vertex : 305 -> 306, 304, 
Vertex : 306 -> 307, 305, 
Vertex : 307 -> 597, 306, 
Vertex : 308 -> 309, 597, 
Vertex : 309 -> 310, 308, 
Vertex : 310 -> 336, 309, 
Vertex : 311 -> 686, 292, 
Vertex : 312 -> 313, 594, 
Vertex : 313 -> 323, 312, 
Vertex : 314 -> 328, 700, 
Vertex : 315 -> 316, 629, 
Vertex : 316 -> 319, 315, 
Vertex : 317 -> 325, 297, 
Vertex : 318 -> 349, 295, 
Vertex : 319 -> 320, 316, 
Vertex : 320 -> 670, 319, 
Vertex : 321 -> 322, 670, 
Vertex : 322 -> 324, 321, 
Vertex : 323 -> 700, 313, 
Vertex : 324 -> 327, 322, 
Vertex : 325 -> 366, 317, 
Vertex : 326 -> 352, 173, 
Vertex : 327 -> 329, 324, 
Vertex : 328 -> 371, 314, 
Vertex : 329 -> 330, 327, 
Vertex : 330 -> 332, 329, 
Vertex : 331 -> 611, 48, 
Vertex : 332 -> 333, 330, 
Vertex : 333 -> 334, 332, 
Vertex : 334 -> 335, 333, 
Vertex : 335 -> 337, 334, 
Vertex : 336 -> 532, 310, 
Vertex : 337 -> 338, 335, 
Vertex : 338 -> 339, 337, 
Vertex : 339 -> 382, 338, 
Vertex : 340 -> 405, 675, 
Vertex : 341 -> 342, 676, 
Vertex : 342 -> 343, 341, 
Vertex : 343 -> 345, 342, 
Vertex : 344 -> 380, 30, 
Vertex : 345 -> 347, 343, 
Vertex : 346 -> 547, 266, 
Vertex : 347 -> 355, 345, 
Vertex : 348 -> 350, 695, 
Vertex : 349 -> 376, 318, 
Vertex : 350 -> 351, 348, 
Vertex : 351 -> 353, 350, 
Vertex : 352 -> 175, 326, 
Vertex : 353 -> 354, 351, 
Vertex : 354 -> 356, 353, 
Vertex : 355 -> 449, 347, 
Vertex : 356 -> 357, 354, 
Vertex : 357 -> 360, 356, 
Vertex : 358 -> 146, 145, 
Vertex : 359 -> 666, 112, 
Vertex : 360 -> 361, 357, 
Vertex : 361 -> 362, 360, 
Vertex : 362 -> 363, 361, 
Vertex : 363 -> 365, 362, 
Vertex : 364 -> 25, 214, 
Vertex : 365 -> 447, 363, 
Vertex : 366 -> 433, 325, 
Vertex : 367 -> 488, 247, 
Vertex : 368 -> 370, 631, 
Vertex : 369 -> 173, 243, 
Vertex : 370 -> 372, 368, 
Vertex : 371 -> 538, 328, 
Vertex : 372 -> 373, 370, 
Vertex : 373 -> 690, 372, 
Vertex : 374 -> 375, 690, 
Vertex : 375 -> 379, 374, 
Vertex : 376 -> 389, 349, 
Vertex : 377 -> 395, 91, 
Vertex : 378 -> 407, 589, 
Vertex : 379 -> 381, 375, 
Vertex : 380 -> 398, 344, 
Vertex : 381 -> 383, 379, 
Vertex : 382 -> 403, 339, 
Vertex : 383 -> 384, 381, 
Vertex : 384 -> 385, 383, 
Vertex : 385 -> 480, 384, 
Vertex : 386 -> 387, 691, 
Vertex : 387 -> 388, 386, 
Vertex : 388 -> 434, 387, 
Vertex : 389 -> 412, 376, 
Vertex : 390 -> 391, 527, 
Vertex : 391 -> 392, 390, 
Vertex : 392 -> 394, 391, 
Vertex : 393 -> 158, 156, 
Vertex : 394 -> 397, 392, 
Vertex : 395 -> 681, 377, 
Vertex : 396 -> 623, 553, 
Vertex : 397 -> 462, 394, 
Vertex : 398 -> 31, 380, 
Vertex : 399 -> 400, 462, 
Vertex : 400 -> 401, 399, 
Vertex : 401 -> 402, 400, 
Vertex : 402 -> 635, 401, 
Vertex : 403 -> 558, 382, 
Vertex : 404 -> 410, 635, 
Vertex : 405 -> 676, 340, 
Vertex : 406 -> 187, 186, 
Vertex : 407 -> 628, 378, 
Vertex : 408 -> 450, 17, 
Vertex : 409 -> 206, 204, 
Vertex : 410 -> 411, 404, 
Vertex : 411 -> 413, 410, 
Vertex : 412 -> 606, 389, 
Vertex : 413 -> 414, 411, 
Vertex : 414 -> 415, 413, 
Vertex : 415 -> 552, 414, 
Vertex : 416 -> 598, 622, 
Vertex : 417 -> 54, 157, 
Vertex : 418 -> 419, 598, 
Vertex : 419 -> 420, 418, 
Vertex : 420 -> 486, 419, 
Vertex : 421 -> 422, 486, 
Vertex : 422 -> 426, 421, 
Vertex : 423 -> 483, 275, 
Vertex : 424 -> 696, 136, 
Vertex : 425 -> 427, 606, 
Vertex : 426 -> 464, 422, 
Vertex : 427 -> 436, 425, 
Vertex : 428 -> 431, 503, 
Vertex : 429 -> 229, 226, 
Vertex : 430 -> 525, 235, 
Vertex : 431 -> 652, 428, 
Vertex : 432 -> 435, 652, 
Vertex : 433 -> 531, 366, 
Vertex : 434 -> 527, 388, 
Vertex : 435 -> 437, 432, 
Vertex : 436 -> 451, 427, 
Vertex : 437 -> 473, 435, 
Vertex : 438 -> 441, 603, 
Vertex : 439 -> 644, 278, 
Vertex : 440 -> 276, 658, 
Vertex : 441 -> 443, 438, 
Vertex : 442 -> 106, 104, 
Vertex : 443 -> 444, 441, 
Vertex : 444 -> 445, 443, 
Vertex : 445 -> 446, 444, 
Vertex : 446 -> 448, 445, 
Vertex : 447 -> 631, 365, 
Vertex : 448 -> 452, 446, 
Vertex : 449 -> 487, 355, 
Vertex : 450 -> 18, 408, 
Vertex : 451 -> 454, 436, 
Vertex : 452 -> 453, 448, 
Vertex : 453 -> 455, 452, 
Vertex : 454 -> 459, 451, 
Vertex : 455 -> 457, 453, 
Vertex : 456 -> 99, 193, 
Vertex : 457 -> 458, 455, 
Vertex : 458 -> 460, 457, 
Vertex : 459 -> 471, 454, 
Vertex : 460 -> 461, 458, 
Vertex : 461 -> 463, 460, 
Vertex : 462 -> 399, 397, 
Vertex : 463 -> 465, 461, 
Vertex : 464 -> 470, 426, 
Vertex : 465 -> 466, 463, 
Vertex : 466 -> 467, 465, 
Vertex : 467 -> 468, 466, 
Vertex : 468 -> 469, 467, 
Vertex : 469 -> 523, 468, 
Vertex : 470 -> 503, 464, 
Vertex : 471 -> 489, 459, 
Vertex : 472 -> 474, 656, 
Vertex : 473 -> 570, 437, 
Vertex : 474 -> 607, 472, 
Vertex : 475 -> 505, 607, 
Vertex : 476 -> 477, 648, 
Vertex : 477 -> 576, 476, 
Vertex : 478 -> 479, 655, 
Vertex : 479 -> 497, 478, 
Vertex : 480 -> 691, 385, 
Vertex : 481 -> 619, 273, 
Vertex : 482 -> 517, 96, 
Vertex : 483 -> 498, 423, 
Vertex : 484 -> 485, 671, 
Vertex : 485 -> 500, 484, 
Vertex : 486 -> 421, 420, 
Vertex : 487 -> 493, 449, 
Vertex : 488 -> 218, 367, 
Vertex : 489 -> 490, 471, 
Vertex : 490 -> 491, 489, 
Vertex : 491 -> 494, 490, 
Vertex : 492 -> 150, 207, 
Vertex : 493 -> 695, 487, 
Vertex : 494 -> 495, 491, 
Vertex : 495 -> 499, 494, 
Vertex : 496 -> 301, 300, 
Vertex : 497 -> 591, 479, 
Vertex : 498 -> 658, 483, 
Vertex : 499 -> 504, 495, 
Vertex : 500 -> 502, 485, 
Vertex : 501 -> 561, 127, 
Vertex : 502 -> 509, 500, 
Vertex : 503 -> 428, 470, 
Vertex : 504 -> 519, 499, 
Vertex : 505 -> 513, 475, 
Vertex : 506 -> 507, 639, 
Vertex : 507 -> 508, 506, 
Vertex : 508 -> 663, 507, 
Vertex : 509 -> 529, 502, 
Vertex : 510 -> 667, 119, 
Vertex : 511 -> 689, 542, 
Vertex : 512 -> 514, 663, 
Vertex : 513 -> 550, 505, 
Vertex : 514 -> 515, 512, 
Vertex : 515 -> 545, 514, 
Vertex : 516 -> 518, 659, 
Vertex : 517 -> 37, 482, 
Vertex : 518 -> 520, 516, 
Vertex : 519 -> 534, 504, 
Vertex : 520 -> 521, 518, 
Vertex : 521 -> 626, 520, 
Vertex : 522 -> 537, 626, 
Vertex : 523 -> 656, 469, 
Vertex : 524 -> 528, 685, 
Vertex : 525 -> 186, 430, 
Vertex : 526 -> 153, 152, 
Vertex : 527 -> 390, 434, 
Vertex : 528 -> 548, 524, 
Vertex : 529 -> 639, 509, 
Vertex : 530 -> 605, 237, 
Vertex : 531 -> 535, 433, 
Vertex : 532 -> 594, 336, 
Vertex : 533 -> 536, 649, 
Vertex : 534 -> 543, 519, 
Vertex : 535 -> 600, 531, 
Vertex : 536 -> 539, 533, 
Vertex : 537 -> 653, 522, 
Vertex : 538 -> 629, 371, 
Vertex : 539 -> 551, 536, 
Vertex : 540 -> 564, 662, 
Vertex : 541 -> 544, 678, 
Vertex : 542 -> 511, 550, 
Vertex : 543 -> 549, 534, 
Vertex : 544 -> 557, 541, 
Vertex : 545 -> 659, 515, 
Vertex : 546 -> 627, 688, 
Vertex : 547 -> 267, 346, 
Vertex : 548 -> 649, 528, 
Vertex : 549 -> 567, 543, 
Vertex : 550 -> 542, 513, 
Vertex : 551 -> 588, 539, 
Vertex : 552 -> 571, 415, 
Vertex : 553 -> 396, 
Vertex : 554 -> 555, 632, 
Vertex : 555 -> 574, 554, 
Vertex : 556 -> 271, 270, 
Vertex : 557 -> 593, 544, 
Vertex : 558 -> 675, 403, 
Vertex : 559 -> 1, 573, 
Vertex : 560 -> 563, 692, 
Vertex : 561 -> 123, 501, 
Vertex : 562 -> 620, 303, 
Vertex : 563 -> 568, 560, 
Vertex : 564 -> 577, 540, 
Vertex : 565 -> 585, 699, 
Vertex : 566 -> 245, 242, 
Vertex : 567 -> 581, 549, 
Vertex : 568 -> 610, 563, 
Vertex : 569 -> 575, 610, 
Vertex : 570 -> 603, 473, 
Vertex : 571 -> 622, 552, 
Vertex : 572 -> 625, 604, 
Vertex : 573 -> 559, 668, 
Vertex : 574 -> 578, 555, 
Vertex : 575 -> 579, 569, 
Vertex : 576 -> 655, 477, 
Vertex : 577 -> 580, 564, 
Vertex : 578 -> 590, 574, 
Vertex : 579 -> 601, 575, 
Vertex : 580 -> 616, 577, 
Vertex : 581 -> 582, 567, 
Vertex : 582 -> 583, 581, 
Vertex : 583 -> 584, 582, 
Vertex : 584 -> 586, 583, 
Vertex : 585 -> 647, 565, 
Vertex : 586 -> 587, 584, 
Vertex : 587 -> 592, 586, 
Vertex : 588 -> 697, 551, 
Vertex : 589 -> 378, 686, 
Vertex : 590 -> 595, 578, 
Vertex : 591 -> 599, 497, 
Vertex : 592 -> 596, 587, 
Vertex : 593 -> 614, 557, 
Vertex : 594 -> 312, 532, 
Vertex : 595 -> 684, 590, 
Vertex : 596 -> 630, 592, 
Vertex : 597 -> 308, 307, 
Vertex : 598 -> 418, 416, 
Vertex : 599 -> 671, 591, 
Vertex : 600 -> 221, 535, 
Vertex : 601 -> 665, 579, 
Vertex : 602 -> 615, 684, 
Vertex : 603 -> 438, 570, 
Vertex : 604 -> 572, 641, 
Vertex : 605 -> 238, 530, 
Vertex : 606 -> 425, 412, 
Vertex : 607 -> 475, 474, 
Vertex : 608 -> 304, 302, 
Vertex : 609 -> 669, 621, 
Vertex : 610 -> 569, 568, 
Vertex : 611 -> 49, 331, 
Vertex : 612 -> 688, 647, 
Vertex : 613 -> 698, 287, 
Vertex : 614 -> 624, 593, 
Vertex : 615 -> 617, 602, 
Vertex : 616 -> 651, 580, 
Vertex : 617 -> 618, 615, 
Vertex : 618 -> 633, 617, 
Vertex : 619 -> 275, 481, 
Vertex : 620 -> 269, 562, 
Vertex : 621 -> 609, 643, 
Vertex : 622 -> 416, 571, 
Vertex : 623 -> 660, 396, 
Vertex : 624 -> 645, 614, 
Vertex : 625 -> 699, 572, 
Vertex : 626 -> 522, 521, 
Vertex : 627 -> 693, 546, 
Vertex : 628 -> 687, 407, 
Vertex : 629 -> 315, 538, 
Vertex : 630 -> 638, 596, 
Vertex : 631 -> 368, 447, 
Vertex : 632 -> 554, 693, 
Vertex : 633 -> 643, 618, 
Vertex : 634 -> 668, 665, 
Vertex : 635 -> 404, 402, 
Vertex : 636 -> 217, 244, 
Vertex : 637 -> 251, 249, 
Vertex : 638 -> 646, 630, 
Vertex : 639 -> 506, 529, 
Vertex : 640 -> 86, 85, 
Vertex : 641 -> 604, 664, 
Vertex : 642 -> 679, 680, 
Vertex : 643 -> 621, 633, 
Vertex : 644 -> 164, 439, 
Vertex : 645 -> 680, 624, 
Vertex : 646 -> 650, 638, 
Vertex : 647 -> 612, 585, 
Vertex : 648 -> 476, 689, 
Vertex : 649 -> 533, 548, 
Vertex : 650 -> 654, 646, 
Vertex : 651 -> 678, 616, 
Vertex : 652 -> 432, 431, 
Vertex : 653 -> 685, 537, 
Vertex : 654 -> 657, 650, 
Vertex : 655 -> 478, 576, 
Vertex : 656 -> 472, 523, 
Vertex : 657 -> 673, 654, 
Vertex : 658 -> 440, 498, 
Vertex : 659 -> 516, 545, 
Vertex : 660 -> 12, 623, 
Vertex : 661 -> 8, 7, 
Vertex : 662 -> 540, 697, 
Vertex : 663 -> 512, 508, 
Vertex : 664 -> 641, 679, 
Vertex : 665 -> 634, 601, 
Vertex : 666 -> 113, 359, 
Vertex : 667 -> 120, 510, 
Vertex : 668 -> 573, 634, 
Vertex : 669 -> 672, 609, 
Vertex : 670 -> 321, 320, 
Vertex : 671 -> 484, 599, 
Vertex : 672 -> 677, 669, 
Vertex : 673 -> 694, 657, 
Vertex : 674 -> 692, 677, 
Vertex : 675 -> 340, 558, 
Vertex : 676 -> 341, 405, 
Vertex : 677 -> 674, 672, 
Vertex : 678 -> 541, 651, 
Vertex : 679 -> 664, 642, 
Vertex : 680 -> 642, 645, 
Vertex : 681 -> 92, 395, 
Vertex : 682 -> 117, 115, 
Vertex : 683 -> 60, 59, 
Vertex : 684 -> 602, 595, 
Vertex : 685 -> 524, 653, 
Vertex : 686 -> 589, 311, 
Vertex : 687 -> 293, 628, 
Vertex : 688 -> 546, 612, 
Vertex : 689 -> 648, 511, 
Vertex : 690 -> 374, 373, 
Vertex : 691 -> 386, 480, 
Vertex : 692 -> 560, 674, 
Vertex : 693 -> 632, 627, 
Vertex : 694 -> 2, 673, 
Vertex : 695 -> 348, 493, 
Vertex : 696 -> 137, 424, 
Vertex : 697 -> 662, 588, 
Vertex : 698 -> 14, 613, 
Vertex : 699 -> 565, 625, 
Vertex : 700 -> 314, 323, 






